2781	6	89
5	2781	2839
6	75	4
104	34	38
75	80	20
2781	2839	2878
20	2781	80
1	3	0
80	6	1
2018	2774	14
2018	11	2347
104	39	29
6	20	2018
2781	0	5
24	29	78
6	2781	5
51	2828	2829
176	185	1462
6	20	5
204	2088	1424
6	2018	5
2839	5	18
29	104	11
467	2456	1684
20	11	80
5	2018	2781
5	2840	1
279	2853	2750
2839	38	3067
11	104	41
6	2828	18
104	41	74
44	1691	2018
1	162	2839
20	1	75
80	34	39
5	10	11
5	1	6
24	34	2878
11	41	104
2989	2456	11
74	39	196
4	22	29
2839	80	24
2018	2774	20
179	2028	2817
51	1679	2781
20	78	29
1357	1277	11
11	29	41
2839	20	1
2781	6	2839
1102	2113	1440
144	176	1467
5	26	79
3067	5	6
1	5	25
18	6	39
1	37	2828
2839	18	21
1	5	37
2840	2830	26
10	29	74
1	5	89
2018	104	5
2839	44	59
1032	1035	1049
20	89	4
2840	2830	2839
1416	55	2729
6	80	5
2508	2018	104
2347	3055	1672
20	5	80
41	196	11
80	6	20
5	1027	1039
3	11	18
44	20	47
29	10	24
6	20	75
5	39	44
2029	2659	2116
2838	6	89
2018	10	11
18	21	5
10	20	34
1026	1043	1066
2828	2840	1
5	2781	2839
10	11	24
22	1380	2017
41	24	31
5	2781	1692
2971	1517	1806
2878	2982	5
3145	1281	697
2836	2843	6
2745	2183	544
30	536	655
2781	5	20
2856	2247	419
11	34	10
1348	2096	1022
11	39	2018
1893	668	602
424	440	807
18	21	5
661	2260	801
1123	1311	1470
856	1527	700
1198	1518	1519
780	791	987
1329	520	1175
115	1445	1450
114	1445	1450
1124	2021	2375
1560	1956	1013
959	450	2675
914	2879	360
1945	900	1610
1708	166	1385
2831	2640	2769
160	1752	1807
694	2909	2191
368	1140	970
958	1779	2522
1489	2507	1327
2343	1133	3009
132	1834	1837
2377	63	2393
2889	1102	227
129	1834	1837
778	783	993
2709	300	1741
1773	1800	1845
18	38	80
2878	4	5
2837	5	31
1	11	37
2781	0	5
2900	1654	166
1397	2190	829
2838	1457	736
53	176	1467
20	2836	2843
47	1337	2827
11	2781	2018
5	189	2832
112	1123	1368
622	2692	2350
2098	340	2649
29	11	22
47	106	196
1442	2062	2865
352	1913	53
290	2869	1735
2041	748	1966
1839	1751	1770
251	2046	559
1807	1747	1755
1961	3074	2120
80	1978	2781
29	24	41
6	80	1
1052	1451	80
1658	3134	2292
2226	2283	424
187	520	768
618	620	703
1258	1872	1816
1609	462	922
1588	450	1288
1879	2564	1491
2136	2399	578
1473	1482	1519
17	185	1462
1963	2439	1335
847	316	445
284	446	825
1391	1549	688
681	1121	1176
2639	1589	326
1155	2600	390
2058	2334	2252
17	176	1462
335	3037	1343
3055	681	72
965	1175	1257
5	2838	3055
2440	330	1193
1743	2680	2681
1775	314	1531
11	31	41
2423	264	906
480	189	11
41	74	11
104	2018	6
488	978	416
1089	2101	1636
1198	1413	2038
6	11	15
1599	2555	302
868	933	974
768	787	846
1476	1493	1531
335	384	396
956	232	291
367	376	251
330	237	382
242	382	389
367	424	1315
230	1599	1610
224	290	375
230	941	931
381	389	1634
1599	262	285
214	222	224
241	242	244
220	224	258
2812	212	345
2524	1827	213
1628	226	242
2556	215	232
1634	290	435
393	265	288
222	2711	1964
788	2879	2818
1599	240	284
381	401	2562
2555	212	285
212	216	230
792	941	308
353	439	450
241	215	219
3136	1026	3128
222	319	409
212	209	215
1617	286	230
415	351	2767
758	216	228
2940	218	234
270	3046	378
457	242	257
1600	364	2762
212	1640	2560
818	256	397
230	273	346
401	229	230
2767	215	266
230	2555	2783
2429	2782	215
897	1600	435
295	1599	209
212	256	257
259	215	266
339	1628	795
242	1628	2762
232	219	220
941	255	214
212	220	230
335	3046	391
216	285	1638
2965	230	339
222	216	220
2420	242	1276
432	913	249
208	214	230
935	303	337
215	368	798
278	242	376
444	222	179
1600	224	2561
218	242	282
332	2704	209
224	376	394
1007	1617	214
219	220	224
270	242	208
2556	312	319
214	230	208
3051	230	256
310	391	415
282	214	261
1616	2762	2820
230	1600	1599
1617	428	238
207	222	230
439	2762	897
208	251	358
224	1634	2555
977	375	962
372	212	277
229	230	239
261	421	439
391	1650	253
310	218	242
225	265	341
339	263	216
230	2934	212
336	342	389
242	239	351
1610	2555	2561
353	2555	220
473	2553	2812
189	388	437
910	1599	230
439	318	776
309	232	458
308	232	458
282	296	345
209	222	226
214	261	265
899	341	445
209	376	384
270	242	286
178	445	769
232	946	212
230	1617	285
230	405	1652
222	226	242
263	272	312
1945	2066	1905
2528	1934	1196
920	239	306
554	191	484
426	2816	2918
212	242	270
215	381	212
218	242	273
230	1650	190
261	302	335
212	382	1610
256	275	284
219	220	224
3046	261	928
795	256	275
268	303	356
1634	405	1606
212	1599	230
439	2762	228
1017	313	445
230	358	456
222	226	242
261	302	331
2762	2560	212
2783	2561	2821
257	351	212
240	263	298
242	399	408
1955	207	218
1628	257	347
242	270	286
403	1634	409
2812	295	304
1610	215	2816
268	303	337
230	238	256
230	342	946
285	363	439
1215	42	3058
1599	2555	230
2572	2574	1607
929	285	359
244	2762	286
949	229	246
230	306	212
2561	208	376
215	798	212
454	298	339
413	2420	230
275	403	816
1608	882	292
378	218	241
214	217	222
291	966	299
208	367	230
215	219	234
242	215	345
450	1958	2762
207	232	291
230	215	2560
910	212	332
962	230	204
448	1600	2808
302	202	306
229	230	239
242	2561	2822
104	74	189
215	242	2816
222	391	786
2580	282	335
2561	261	302
242	225	218
941	214	232
316	778	997
206	335	384
212	2550	216
230	342	358
376	215	910
302	2785	242
381	229	248
225	257	265
910	339	353
2553	2808	295
319	338	2783
215	249	290
215	219	234
941	443	818
1628	1610	1634
408	872	246
270	204	230
447	816	931
370	2420	2572
242	270	286
242	282	443
230	2562	342
215	220	255
2783	389	1634
224	247	260
209	314	376
814	224	212
2555	2556	202
212	1006	1619
2347	11	2018
1653	454	1649
2762	453	286
207	270	401
1617	230	1007
1634	897	2782
214	230	242
345	202	216
266	826	249
228	240	284
378	376	2820
224	455	285
946	229	246
29	189	305
435	439	976
2762	1599	340
1600	1619	451
215	222	242
2555	913	342
415	941	408
271	215	222
883	1610	1017
212	1610	179
212	230	308
1600	910	1619
228	327	350
379	1958	224
382	440	1634
207	232	291
265	439	426
209	369	425
435	213	224
1600	342	2816
2785	2548	2776
308	309	215
261	302	331
219	220	224
2762	387	389
230	440	2808
423	216	220
282	415	3046
239	306	324
378	214	286
4	22	29
252	285	332
251	335	345
222	226	242
440	206	212
272	251	286
304	2553	299
499	604	477
493	517	480
477	482	487
487	1899	1892
1899	475	519
480	495	511
11	41	196
2863	2994	477
497	501	492
634	577	738
485	632	509
527	632	636
1009	3027	93
477	525	1899
634	499	516
570	1919	1886
1892	482	525
632	484	485
482	497	1938
487	499	482
525	638	745
492	538	480
499	504	527
482	480	492
492	2863	676
1899	634	2788
2994	2525	509
634	2786	482
501	510	527
474	477	481
2788	1892	1899
635	501	1905
492	3006	498
1259	881	1147
643	2788	2792
477	634	519
501	502	527
538	492	536
477	2793	509
643	2792	487
492	520	474
497	509	566
488	499	536
492	1899	475
635	482	497
1892	525	2788
2420	2508	1275
492	593	602
593	485	475
551	591	699
635	501	1892
519	1899	487
591	2791	480
485	632	634
482	1938	500
484	485	509
481	556	558
634	509	542
1899	496	499
2473	1412	183
487	482	497
492	511	536
634	1899	2788
572	632	682
492	511	551
632	497	2517
477	487	493
476	477	482
487	509	634
480	485	490
482	490	493
153	1682	2429
477	487	499
492	511	535
1343	152	1133
2517	2789	551
477	483	499
477	591	480
1899	652	488
477	483	501
760	1272	1372
497	527	636
565	558	477
1892	485	519
1891	1938	1899
477	492	551
1948	2954	2476
1899	477	2788
477	511	551
2392	1034	1654
475	492	559
477	482	501
2525	497	509
2788	485	494
2046	1620	2098
632	2786	593
489	487	546
734	3113	273
1899	2792	2793
498	525	669
634	509	531
517	477	487
480	483	504
487	492	483
526	537	552
477	480	497
504	477	480
497	546	712
527	475	2791
527	480	538
474	475	488
477	480	546
487	499	508
485	552	565
551	736	1905
616	688	485
497	525	591
551	477	1899
489	504	517
492	522	482
501	477	490
477	559	474
637	501	2786
482	497	501
497	509	519
551	1892	477
492	2249	2231
482	490	492
1899	492	634
477	501	500
2788	634	2917
525	552	616
1308	3121	1538
1939	37	2435
2350	689	1259
500	636	1895
519	1910	2788
477	2865	492
833	250	698
2790	639	509
501	637	640
2791	2790	475
525	485	527
1537	1633	2658
636	500	668
485	504	515
551	488	499
537	599	638
1309	1275	3018
727	1889	1928
482	2788	546
1899	2790	517
1892	477	487
1062	425	2203
509	512	525
2923	1545	1603
476	483	489
16	598	2470
485	2786	2795
1935	2511	2655
2788	1899	501
501	2790	1934
485	637	509
1899	487	636
632	494	549
487	636	482
487	637	722
1899	634	509
481	519	557
2788	2792	487
2866	2998	488
477	483	499
635	490	501
2795	513	527
643	2792	2795
1208	1216	1338
632	2795	509
2178	259	2554
635	552	1892
48	1126	1134
2525	722	635
428	1806	1821
722	593	482
52	2962	1948
1892	497	504
500	526	609
2118	1337	2227
477	480	546
1492	1296	3132
477	1892	519
497	509	515
525	753	492
557	654	665
1538	372	2719
636	2792	500
632	639	482
509	477	483
482	500	501
1084	1003	1197
519	593	632
477	487	517
2456	1676	501
525	487	500
1899	496	499
487	489	493
490	634	708
639	487	477
3055	2248	2503
1938	537	572
482	497	490
482	497	501
509	542	634
537	572	632
635	490	501
589	616	2790
476	477	482
738	1899	485
2924	1942	2793
497	505	542
2756	1684	81
2525	1942	2795
665	481	487
492	501	511
504	477	480
2795	485	632
523	551	591
490	525	482
485	632	527
476	477	482
169	618	620
477	487	488
1938	2866	2917
509	481	487
1938	475	478
1928	1938	634
546	551	589
491	509	562
522	549	551
581	475	480
505	551	586
788	2293	1370
829	601	680
1892	1938	497
480	489	492
477	489	562
1568	106	1181
492	498	506
482	490	492
482	2525	640
2790	557	635
474	494	499
2790	2994	500
537	583	599
1928	623	1889
525	509	512
485	701	2789
481	519	525
475	480	497
502	518	551
482	487	492
500	2525	477
482	487	497
501	635	2786
2788	485	522
1899	499	690
2532	2791	2999
475	480	482
1899	525	634
485	492	538
537	572	632
481	519	557
494	638	485
481	487	498
482	525	722
492	511	535
2791	2866	557
504	565	596
497	538	551
2791	477	480
500	665	2994
499	500	504
485	494	539
1131	871	838
941	214	232
372	240	216
206	412	806
913	520	681
903	282	351
819	825	844
438	815	849
2359	418	2544
812	840	844
965	1087	2089
222	236	319
168	187	520
178	316	445
958	815	260
249	358	366
260	333	351
272	307	760
1104	480	1164
228	242	246
307	272	207
263	329	771
133	783	993
768	868	934
112	791	987
825	897	956
313	341	445
930	29	48
278	242	270
790	847	852
178	316	445
204	768	846
403	757	833
124	2446	2186
261	770	815
112	780	987
232	941	818
133	769	772
249	797	851
256	336	246
292	844	947
255	266	365
215	368	209
327	819	825
319	379	450
883	178	316
167	1165	1270
1340	239	306
257	262	265
179	775	892
178	333	847
2426	2038	480
778	845	967
910	239	306
255	266	365
300	305	455
256	275	284
2938	197	2178
421	381	212
770	438	763
412	1017	772
133	769	772
941	408	443
825	762	844
439	233	353
230	234	250
2299	2682	1755
178	374	906
230	247	273
1003	897	819
432	179	224
2669	156	2404
2142	2770	1049
879	268	303
2299	168	1210
1643	1439	569
292	372	797
883	403	757
215	223	232
979	836	179
835	979	179
2685	148	1659
738	2862	1715
239	306	324
1197	907	313
224	275	376
292	372	797
216	240	261
762	819	825
762	819	825
899	992	246
973	178	179
958	308	309
438	763	815
261	770	790
249	794	797
179	224	271
314	2715	136
451	690	2463
244	286	364
146	807	1211
302	1610	1659
324	467	879
941	214	232
222	207	230
240	257	382
260	333	351
348	914	917
1134	81	2642
178	333	806
1151	2498	2787
260	333	351
178	316	445
941	1136	214
2144	1728	2848
316	289	109
410	303	471
178	316	445
213	224	290
261	770	790
774	845	887
208	242	331
1371	215	269
1315	3046	381
883	2323	178
905	912	266
1617	372	261
445	801	880
215	229	376
292	372	797
1028	527	3162
774	845	876
1617	318	230
206	324	453
928	948	335
438	763	815
179	775	805
215	249	290
282	351	412
207	232	291
1317	2390	2197
242	2584	252
261	770	790
846	992	313
208	321	381
204	270	272
261	292	927
761	233	353
787	803	820
881	266	341
1358	1268	1002
928	948	1327
179	284	446
215	245	420
306	382	403
2442	2890	985
881	260	333
266	972	442
1254	1375	1408
178	333	806
649	232	1861
204	768	787
1719	2041	1895
1426	516	2424
999	324	239
3115	454	2622
241	1304	1391
308	309	313
835	979	980
272	307	760
282	351	412
261	292	902
948	335	890
363	453	285
783	879	261
941	214	447
263	272	316
928	948	335
260	333	351
268	303	337
913	438	763
272	307	760
268	303	337
2792	224	1514
214	230	242
869	214	232
263	329	771
228	1250	1342
245	261	417
268	791	833
358	317	215
207	232	291
928	335	890
3046	2980	365
928	948	335
207	222	230
973	179	284
318	776	829
1180	2251	480
928	948	335
962	207	232
266	341	432
770	848	271
765	812	840
133	934	1222
781	825	897
956	291	383
412	885	1004
266	341	432
928	948	335
345	291	375
438	763	815
2341	2325	2586
883	178	316
834	849	869
215	380	759
913	246	256
847	952	178
303	410	471
2808	222	236
438	435	439
291	308	309
282	351	412
835	836	179
835	979	924
928	948	987
292	303	372
999	239	306
835	924	979
168	187	520
1691	1777	1098
928	948	981
785	790	847
1745	68	2334
1617	230	238
292	372	797
846	899	313
1020	133	778
178	374	823
928	948	335
261	770	790
292	796	844
783	829	840
983	920	239
2642	2650	106
762	819	825
906	178	374
825	179	284
263	272	316
928	948	335
423	229	246
276	1617	230
179	224	271
282	351	412
1142	215	222
1203	2233	1403
271	291	374
242	270	278
2890	302	2696
249	266	356
1655	53	410
341	445	1197
246	256	397
179	775	805
993	133	778
1880	2287	118
261	783	901
246	256	397
559	737	2265
2762	285	359
1032	1043	1039
1039	1044	1032
1032	1043	1039
1026	1032	3016
1039	1032	1027
1032	1044	1048
1043	1039	1028
3023	1028	1042
1028	1032	1033
1027	1044	1039
1027	1044	1054
3025	1044	1087
1032	3016	3018
1032	1027	1043
1027	1026	1028
3017	1062	1039
1032	1043	1027
1032	1039	1026
1027	1032	1039
1027	1028	1032
1032	1027	1028
1110	1043	1076
2796	3017	1043
1046	1027	1039
1044	1027	1054
3016	3018	1026
1032	1028	1042
2609	1066	1087
1027	1039	1044
1027	1043	1036
1027	1028	1035
3020	3016	3018
1044	1039	1074
1083	3017	1041
2441	1868	2766
3017	1087	1032
3023	1032	1028
1032	1039	1043
1028	1031	1032
1032	1027	1046
1044	3023	1087
1029	1038	1044
1439	3117	824
1046	1028	1032
1032	1057	1079
2188	1891	886
1102	1048	1077
1027	1028	1032
1044	1027	1035
1028	1027	1032
1032	1047	1110
1100	1048	1072
1028	1032	1102
1027	1039	1032
1026	1043	1047
3025	1066	1087
1066	1102	2799
1032	1043	1059
1057	1062	1081
3016	3018	1032
1032	1087	1039
1066	1053	1107
3020	1027	1032
1048	2796	1058
3017	1075	1032
1039	1032	1027
1043	1032	1110
1027	1043	1039
3023	1066	1028
3020	1032	1027
885	2166	2570
1032	1057	1070
1062	3029	1041
1029	1038	1044
3023	1043	2796
1043	1277	1111
1032	2799	1026
1032	1043	3016
774	480	1121
1032	1039	1050
1026	1053	1057
1053	1066	1087
3016	3018	1026
242	1171	2554
1032	1047	1026
1101	1039	2798
3016	3018	3019
1110	1032	1044
3036	3148	1349
1373	1073	1441
204	305	335
834	849	869
133	778	783
2440	2394	3144
1338	2415	10
1183	1413	1211
520	681	760
1547	109	112
29	437	492
783	1293	1298
2228	1496	48
212	216	230
179	775	781
76	104	196
480	774	1104
196	520	783
665	2508	1220
2326	2347	152
2228	48	653
2311	29	665
869	1953	2481
1170	167	1224
216	240	261
762	883	969
241	1235	1237
152	548	1133
381	2555	2561
1126	1247	1273
2415	29	1166
1277	1011	48
316	395	778
1166	1193	1194
480	1244	1262
778	808	845
1337	2418	600
1141	1147	1210
1155	1163	1181
29	1245	1271
644	1190	2245
1152	1163	1181
412	760	767
519	1027	2563
308	309	313
1409	341	492
778	808	845
175	1469	1522
480	665	695
1152	1155	1181
2248	774	152
1277	48	1101
2347	2440	2248
694	1041	1464
1117	234	1601
600	1150	1181
1401	1137	1387
869	1799	88
1945	1343	2045
970	922	1364
1189	196	906
520	113	1180
2267	181	681
1744	389	414
261	783	901
665	783	954
954	1329	2508
1392	2229	600
224	292	367
2257	480	1121
987	179	284
1011	1203	1353
178	333	806
726	340	296
598	2166	1716
1174	196	906
196	480	774
200	358	467
239	306	324
1194	2440	2449
1193	2440	2449
1652	2984	2020
1242	1301	1329
445	840	1017
200	2038	1354
2277	1345	788
29	200	1121
520	113	1175
188	760	774
1011	531	954
29	48	681
279	312	319
993	1020	1136
196	520	783
649	1216	1338
218	241	244
190	330	1193
1121	1282	520
2420	39	41
1135	1249	1311
113	520	1175
2319	480	665
2220	146	341
600	1150	1169
2308	811	1237
2965	2541	2413
1132	1354	152
548	1174	1183
133	520	934
133	769	772
2234	1281	1285
2229	1388	1193
1198	1215	1250
194	264	906
197	2872	2077
600	1011	1197
778	785	790
133	778	783
200	358	467
332	1144	1235
3003	1728	968
2248	2449	2940
330	1204	1269
2315	1011	1180
196	906	1174
29	1130	2160
204	768	787
1579	168	675
1277	520	2421
928	948	335
480	1329	2264
954	1180	1197
1396	2033	2257
29	48	681
281	1336	1165
332	1144	1233
480	2311	2229
209	214	228
29	437	665
438	763	815
914	1375	1408
29	1144	1166
2701	3117	172
762	819	825
1132	3165	1315
1207	332	1868
531	954	1011
190	330	1193
480	1148	1244
464	1194	2966
270	215	222
1145	1293	1307
189	305	388
2219	770	2351
906	196	1174
29	200	1121
167	802	1165
1307	2248	600
1329	554	760
2734	29	200
285	362	857
520	1183	480
242	265	208
2260	1242	48
261	292	902
196	906	1174
308	309	783
1672	2229	2420
29	1211	1337
196	906	1174
167	424	1180
190	330	1193
681	1181	1292
178	374	823
1277	1403	48
168	187	520
1721	29	437
868	178	374
2248	2508	2229
681	783	1125
1035	1173	1562
1183	2257	480
303	410	471
200	358	467
48	653	783
1244	152	556
480	807	1183
2248	1242	152
1142	1170	1244
189	305	388
480	774	1104
2021	49	316
133	762	778
2248	2228	1271
39	41	1212
282	214	261
636	912	928
1380	2261	2264
178	374	823
200	774	1104
1362	1515	2952
879	3046	376
230	234	250
222	236	319
196	1283	1365
291	299	304
2508	190	330
318	1309	2018
2649	919	3035
2277	2260	480
665	830	1249
196	2245	520
2291	2740	1658
928	948	907
358	520	1120
1180	113	1244
168	3041	2130
48	653	1126
178	316	445
300	305	455
907	212	220
1147	1166	1193
480	774	1104
1150	1354	2229
2309	1120	2415
755	1198	1210
803	239	306
2270	152	548
2437	681	1281
548	152	1133
200	358	467
305	835	836
520	681	760
285	359	363
113	1152	1221
40	1086	1342
2294	168	187
167	1137	1170
681	1181	1286
1011	1185	1203
2249	1198	1277
2245	196	906
196	480	774
48	1277	29
906	196	1174
665	783	954
208	3102	935
600	1011	1197
3009	550	4
179	775	805
178	333	806
1579	681	2503
2783	2695	1066
772	801	816
112	149	1123
312	1990	1269
179	284	446
878	256	275
2746	1401	2235
783	829	840
2940	2790	1962
2251	2235	1420
2438	1721	1011
2832	663	819
14	287	1888
168	675	774
1311	1224	1281
2464	1198	1354
2283	332	1144
2311	1277	29
146	675	1180
1159	1266	1304
949	2457	2035
1170	665	681
1225	29	200
2248	29	2311
1392	2447	1337
196	1283	1318
1390	2447	1181
189	305	388
2552	29	1144
313	335	899
39	41	196
200	774	1104
570	898	431
520	681	760
1786	458	2712
2239	2299	1372
97	2694	738
1277	1011	1288
2392	180	2242
178	333	806
480	954	29
584	3151	1637
914	1254	1375
1159	48	653
1705	861	1199
1623	1633	1486
113	520	1175
2296	200	520
196	480	774
53	1224	1462
29	200	1121
29	1153	1245
489	682	2044
29	200	1121
2296	1375	531
216	240	261
1431	1425	1433
1431	1426	1434
1921	578	2749
1431	1422	1433
1431	1423	1434
1672	3087	905
3007	1925	2460
202	1873	2851
1615	1688	2530
1431	1435	2805
2076	1468	1766
1431	1422	1425
1431	1423	1426
1431	2805	1423
1431	1423	1426
1431	1423	1426
11	3	18
2354	1630	384
214	217	222
850	2930	1868
1709	2969	811
2889	1765	2340
2168	443	3084
114	115	1450
1346	242	343
3080	1807	1533
2044	692	2202
779	2008	3042
114	115	1445
2302	3072	2415
1664	1416	2023
974	1405	2108
2605	1011	2082
1602	500	967
334	2758	2151
2620	2997	1998
1627	1762	3128
1986	2699	1554
114	115	1445
64	773	1743
17	176	185
323	1503	554
1031	351	1357
167	1137	1170
2278	2432	2937
53	144	176
2398	1054	2790
175	1161	1522
109	1123	1311
1666	848	534
144	542	2933
17	176	185
345	2643	482
2712	1897	627
205	1493	1531
2527	2495	304
544	1910	1031
847	2501	1954
188	760	774
2175	2210	2953
175	1473	1519
17	176	185
382	1923	1552
1679	704	2370
819	632	2761
87	116	1388
209	3103	1993
2080	1039	1507
52	634	2720
554	760	1272
215	985	2619
205	1476	1531
1939	2898	2801
778	3036	1433
39	2018	29
53	144	176
2815	1473	1854
38	2308	1316
377	1889	16
2976	2191	862
2388	2086	900
1697	192	2146
53	1537	1544
2924	1479	1169
2906	38	2944
2197	2602	2717
351	2234	1748
1650	995	512
1014	2126	1660
1467	1530	1538
1926	2409	520
1567	2423	954
2658	2154	1041
1706	2654	771
1241	1272	1329
1134	1162	1210
111	1198	1519
111	175	1198
53	144	176
63	1925	1707
2248	196	906
718	2914	2965
1548	2210	1637
904	31	929
2112	492	715
2780	1919	2049
220	693	2471
1241	1272	1329
17	176	185
17	176	185
53	144	176
1993	225	2082
1647	3002	67
2309	1263	2178
232	2402	162
53	1504	1544
1467	1511	1530
2036	1587	1680
2339	871	755
111	1198	1518
2408	3042	527
1200	308	2961
53	1504	1537
2329	29	665
2544	2314	2518
1123	109	112
1817	1146	512
17	176	185
2808	2858	2403
1147	1573	2087
916	454	977
1101	443	686
1201	1337	1380
1196	1242	1301
1761	163	1323
2255	2786	1906
111	1198	1518
1474	2583	1021
1140	1142	1241
1193	438	2071
1355	1412	2245
82	741	3101
29	653	1137
2988	3108	213
619	1342	1702
1468	1983	1593
2509	2251	1804
499	1982	2933
175	1473	1482
29	1311	2303
2229	11	29
3115	2291	595
2725	410	2356
111	1198	1518
1201	1337	1380
153	2059	190
793	1375	2235
1365	1241	168
29	665	480
600	1150	1169
2914	545	280
965	2128	648
3088	126	1559
204	768	787
111	1198	1518
2031	1284	182
1997	681	1995
175	1473	1482
1251	2522	2785
2472	2226	1333
2040	249	1207
17	176	185
1387	1290	868
734	2338	2786
53	1224	1415
2447	114	1757
1864	781	1263
212	230	361
2808	2762	448
1637	387	389
214	230	1610
1634	222	2762
2555	1964	232
376	256	230
338	257	282
230	2555	2552
335	1610	3046
229	246	345
215	212	302
209	314	376
220	303	353
212	1610	220
215	229	376
1948	2552	2555
284	2762	2820
230	238	276
228	240	284
1600	448	910
2556	957	1552
242	270	278
215	291	353
439	213	224
222	242	215
382	1610	1634
234	236	241
255	266	365
222	256	339
239	306	324
1617	1946	230
1315	261	302
230	342	358
274	423	433
215	2814	3046
256	214	217
2475	1426	2640
2762	1616	222
212	262	216
382	239	306
212	245	381
285	2820	208
415	418	426
179	224	256
291	299	304
2144	275	3107
834	849	869
211	222	302
230	250	361
2762	425	285
295	330	391
265	266	295
376	230	285
425	239	301
1600	285	359
1795	659	304
1634	257	282
440	451	453
3046	364	256
857	261	302
212	245	267
246	256	397
2820	215	291
389	238	286
3046	214	261
242	270	278
2762	263	1608
245	319	338
238	242	287
29	34	47
6	80	1689
29	14	24
11	41	2420
6	20	78
6	2781	10
5	10	14
2831	1691	2835
11	100	2018
3055	72	187
46	51	2781
20	2781	6
3056	3067	3109
199	83	1059
3	10	11
20	1	5
80	2828	1
1764	2680	1986
22	11	14
24	1	5
6	80	5
2836	20	80
74	2831	41
5	2828	2839
2831	2926	2561
31	39	104
39	104	20
5	18	6
189	2830	2831
1901	668	805
5	20	41
2066	1043	1658
3052	5	10
11	24	31
5	10	11
5	20	80
396	1435	3145
89	1742	2561
1265	197	929
6	20	2018
2508	190	330
11	14	22
20	6	39
5	2839	2982
74	39	41
2839	2840	38
4	6	8
5	11	104
6	8	20
1	5	11
11	2347	2018
2057	2029	2699
2420	41	480
6	8	20
5	1	20
2878	5	89
1	4	8
11	6	15
1750	2345	1009
5	20	100
5	2838	2839
80	6	8
2561	2825	2830
2837	5	31
5	6	2465
44	80	24
104	74	39
5	29	40
1565	1992	2386
6	5	10
10	14	24
5	147	1708
2199	435	2873
1	5	21
6	18	20
1201	1678	3132
3036	2590	1343
2592	1409	1205
160	1755	1774
158	1774	1777
2241	758	558
755	899	130
1770	158	1807
123	160	1807
1747	2986	2496
766	2205	49
1803	2969	160
2435	1052	1022
2425	1218	693
1785	700	516
1755	1765	1769
1267	66	1341
11	143	600
639	1902	735
1795	1745	1071
3136	471	2697
3074	1755	1759
158	1776	1778
2494	1661	61
835	3164	2251
1755	1759	1765
1751	3074	158
692	2033	384
1764	2496	1314
1751	1770	1781
1777	160	1747
266	1860	2026
158	1766	1778
1774	160	1747
3074	158	1766
397	2741	1546
875	987	2112
1751	1770	1773
1585	1408	1032
1793	49	1752
2965	1527	1041
2544	455	250
1412	1475	2334
2215	1689	654
498	1275	1387
3089	2936	977
2733	1775	1724
2668	2497	1700
7	1173	1382
2006	466	1792
1278	172	432
1238	1450	1052
2716	1924	625
456	2431	2068
1751	1770	1773
1085	180	1332
135	1773	1845
1461	1697	2625
3163	1212	603
1755	2969	160
3144	2154	2962
2017	2055	1213
89	1879	2317
160	158	1751
158	1751	1770
160	1747	1755
2069	197	486
2394	1571	1218
158	1748	1774
914	591	3001
1262	442	1716
98	1738	1257
2411	517	1483
1881	271	1575
2461	425	2219
2632	1626	16
1131	3083	459
2455	1144	893
1722	1291	2916
1131	357	809
494	2576	1995
2089	2104	1734
158	1766	1776
907	309	2633
999	1897	1486
2086	828	902
2190	3084	896
2706	2856	2654
2383	822	3001
1751	1770	1773
2175	158	1751
2684	2669	2462
1501	2697	2944
129	132	1834
129	132	1834
158	1766	1776
78	2310	1478
158	1751	1770
1873	3119	2683
3094	1093	879
1003	1067	1737
135	1773	1800
904	2902	2125
2489	581	447
178	1959	1869
1189	73	505
1606	2494	2414
2960	2519	1440
1092	422	1778
1833	2859	3070
129	135	1766
659	375	2432
1449	2300	339
1392	1766	2711
158	1751	1770
2889	1114	1180
325	2084	694
2745	1247	1438
577	215	2486
2541	1469	2701
1982	573	96
1751	1770	1773
412	1001	2318
1751	1770	1773
135	1773	1800
2449	472	2521
158	1751	1770
1751	1770	1773
525	2272	250
1248	2585	1679
3001	1004	1832
603	1243	3164
1089	2878	2211
95	1525	2145
1276	489	1778
3008	3039	3136
2649	2072	2754
2737	2414	524
253	1613	296
1388	989	1202
487	489	493
474	494	499
635	489	490
485	501	505
488	499	516
623	727	1928
632	2791	2795
558	497	509
519	2786	477
487	496	499
477	487	493
2790	485	1892
1899	1892	504
504	566	625
3154	2755	3003
2788	634	525
477	480	546
806	155	2635
2182	1889	681
632	497	1899
1696	178	1366
635	505	2786
527	496	499
605	1039	2971
485	501	505
2788	29	480
519	610	2788
481	530	556
2685	815	1196
2324	2478	38
480	483	504
485	492	538
482	487	497
703	213	2236
499	500	504
636	639	489
525	509	512
497	525	590
487	489	493
477	487	488
2775	880	2195
500	637	638
441	1188	2648
480	485	527
2917	3001	3013
509	531	542
2204	2202	2704
1899	497	477
481	487	498
505	551	586
635	2786	522
934	2063	947
2993	2474	2614
474	475	488
492	2924	3006
551	487	493
479	519	546
497	1899	475
2790	2865	694
635	2788	557
475	478	519
257	262	265
941	1630	214
367	208	251
230	381	1142
435	438	439
2561	207	215
230	342	358
2332	2515	1284
1136	292	796
272	307	760
350	218	242
212	277	292
941	214	1634
910	450	379
207	222	230
1961	224	275
1960	224	275
230	247	273
208	242	265
226	212	222
222	339	214
941	2561	214
218	241	244
1617	230	238
897	256	382
215	339	212
49	228	372
220	303	353
206	230	244
3046	218	242
6	5	20
3	4	12
6	2781	5
2781	6	5
2685	104	2679
34	3	4
415	506	2587
1	3	7
98	1724	2609
5	18	2781
2010	2062	2097
2034	2030	2058
1991	3098	2698
2022	3093	2034
2133	2652	1998
1991	2022	2696
2022	2034	2029
2116	82	2029
1997	2023	2034
1991	2073	2087
2057	2064	1991
2699	2887	2034
1987	2117	2064
2005	2034	2066
2022	2034	1991
2147	1987	1997
80	1	6
6	2781	5
10	11	29
2008	2148	2698
2066	2119	3093
3005	1459	221
2659	1991	2034
2105	2085	2096
2698	1991	2376
2064	3093	1991
5	11	18
6	2839	20
1655	621	947
3091	525	2463
1082	1502	318
74	122	2640
2769	2831	104
20	6	2774
3097	1987	2052
2887	2022	2034
47	189	2827
1991	2887	2053
2064	2034	2057
2057	1988	1991
2036	2087	2130
2034	1996	2058
2887	2143	2372
2034	2064	2029
1991	2887	2619
2058	2353	2022
2618	2073	2162
482	487	497
1277	196	480
1991	2066	2064
2044	2028	2034
2025	2087	2008
2698	2034	2044
200	1198	807
1991	2022	2005
1991	1994	2053
2029	2096	2047
2008	2085	2096
2162	2029	2031
2698	3098	2037
1991	2034	2007
1991	2009	2048
2029	2041	2025
1991	2376	2034
2008	2024	2057
2029	2031	2041
1991	2022	2087
2066	2127	2157
1991	2022	2034
1991	1987	2105
1991	2035	2041
1991	82	2057
2064	1991	1995
3098	2034	2131
192	2730	225
2064	2659	1995
2034	1991	2030
2130	1995	2034
2028	2034	2035
2034	2057	2029
2058	2099	1986
2034	3093	2117
3093	1988	2007
1990	2031	2037
2029	2031	2041
2029	1991	2027
2064	2010	3093
1987	3098	2113
2029	1991	1994
2622	2887	1720
2887	2010	1720
2034	2025	2026
2044	2698	1987
1992	1996	2022
2029	2031	2041
2066	3093	1987
2029	2057	2064
2057	1991	2029
2029	2116	2037
1997	1991	2130
2131	2008	2034
2797	1248	1395
1991	2029	2022
2008	2025	2036
2372	2064	2029
1999	2008	2041
2004	2008	2038
2022	1992	1996
2019	2030	2056
2034	2023	1987
2058	2622	82
2029	2041	2008
2064	1988	2034
1987	2048	2064
2058	2089	2365
2117	2034	1994
1991	2029	2040
2010	2020	2029
2618	1987	2009
1991	2034	2157
1987	2008	2622
2618	2109	1989
2041	2131	2029
1112	103	2299
2022	2376	2106
2010	1990	1991
2029	2034	2066
1989	1998	2005
2698	2072	2064
2087	2622	1991
82	1996	2147
2064	2057	2659
2066	2034	2100
2030	2031	2033
2005	2066	2626
1121	2031	2445
2698	1997	2157
2029	2619	2130
2005	2040	2058
2034	1986	1991
2008	2105	2025
1720	1996	2010
2052	2066	1987
3093	2698	1988
2029	1989	2036
2025	2008	2041
2058	2064	3093
2698	3094	3098
2376	2066	2117
2057	2064	2116
1720	1986	2004
2415	2267	29
2057	2655	1720
2653	2036	2066
3093	1991	2022
2034	2037	2698
2025	2029	2037
2158	1987	2105
2027	2372	1996
1991	3093	2087
2699	1998	2022
2022	2080	2159
1997	3093	1987
2004	1996	2008
2036	2137	2138
2618	2699	1987
82	2025	2027
1997	2057	1987
1720	1996	2010
2034	1987	1988
3093	1987	2019
1995	2037	2044
2064	2698	2034
2365	2142	1996
2022	2036	2146
665	830	1249
2145	1540	2573
2031	2073	2087
1987	2026	2066
242	91	1374
3093	2624	2372
455	2560	7
306	1336	746
3030	1178	1557
848	1826	1648
1755	1759	1765
3101	2094	2681
277	1340	132
1908	2317	2163
194	2143	974
1834	158	1751
1104	2302	340
801	1391	1861
973	1380	984
2902	2086	561
2044	113	2480
158	1751	1770
7	1219	2131
126	1378	553
1848	606	1216
2795	7	2155
896	2602	932
1236	3013	2646
2820	2955	411
158	1766	1776
1104	2261	1981
2641	699	1012
696	90	2155
907	99	902
158	1766	1776
359	228	1841
36	2672	210
1534	515	1337
2734	2080	3049
1254	1306	2469
2858	2121	544
1014	860	732
2226	981	3085
2732	1964	2786
974	1984	2009
955	1847	342
2530	2773	2052
175	2973	185
790	1189	1311
524	2984	407
2393	2028	972
129	132	1834
367	3027	2611
483	1245	1467
129	1766	1769
2338	2774	3085
2294	1974	2668
158	1748	1774
1198	2847	2499
11	22	29
2259	1216	2235
1329	113	1152
2426	2449	190
146	1269	1387
29	48	681
480	774	1104
1180	167	1337
865	1271	1307
1307	2260	41
2420	2347	29
527	496	499
1210	600	1150
2879	1336	225
2315	1011	480
1224	548	1174
2420	39	104
1011	1185	1203
834	849	869
1011	1185	1203
1401	2299	200
168	187	520
11	29	41
2264	1224	1281
2022	2099	1996
1201	1337	1380
196	1325	1355
1153	1175	1183
760	774	825
29	1389	1522
600	1354	1277
1281	2426	424
954	1375	2421
2875	1942	2377
1839	3151	526
113	520	1175
2246	529	252
762	819	825
1183	1295	480
167	802	1165
2220	1389	1337
1277	2426	2508
1311	2264	1011
29	1130	1239
760	825	842
2329	2235	2242
781	825	897
1011	1185	1203
2136	2415	1176
1193	2423	29
2009	1748	2447
1341	2315	152
2264	196	906
2315	29	11
29	665	1135
175	149	1846
29	48	681
520	965	1201
1323	1329	480
168	675	774
557	485	494
113	1152	1221
914	1254	1375
113	1152	1221
1382	167	332
760	825	842
133	445	897
681	1281	1293
802	1224	1277
2418	1572	1193
520	681	760
112	780	791
2413	588	1698
1818	1917	130
811	1218	1237
1350	168	187
856	568	1672
1413	1420	29
2329	2907	98
241	922	1304
1401	2239	196
681	1181	1286
681	181	1121
1389	600	1150
2508	1250	2229
520	1137	1164
914	1254	1375
1198	1215	1226
993	1020	1136
1218	113	1152
1338	783	1125
480	774	1104
29	1389	2248
178	374	823
2611	2685	1488
1174	241	539
2272	11	29
783	1125	1293
2322	1132	1220
29	437	665
1389	2311	1215
1152	1155	1163
954	1180	1197
2317	1132	1220
880	883	178
29	681	1153
112	149	1123
1133	152	548
2129	1870	2116
906	987	1002
2264	1277	1545
2420	2430	1210
1427	2509	1445
18	164	5
6	18	2345
3	4	12
1	4	8
2834	231	2013
2562	1018	1699
41	74	196
2781	0	5
2744	1693	2514
2781	2839	2840
5	2878	2883
147	2018	2508
1858	2793	1405
2333	6	21
11	41	196
2018	11	10
2018	2926	10
39	74	41
296	2945	1327
2034	2064	2157
2659	2043	2060
2064	2030	3098
1669	2189	174
2028	2029	2087
1993	1997	2023
1991	2736	2699
1996	2004	2008
2029	2041	2053
1987	1991	1995
2122	2025	2029
1987	2019	2052
2022	2030	2053
2116	2034	2618
2022	2158	2064
2009	2046	2048
1987	2009	2031
1720	1986	2004
1989	1995	1999
2028	2004	2008
2025	2029	2888
2887	2029	2089
2066	2618	2022
1991	3093	1990
1079	2512	22
2048	2009	2133
53	144	176
173	869	1133
111	1198	1518
175	1473	1482
2475	599	1288
175	1473	1482
2199	2628	1731
2890	2907	1960
2884	2832	1095
1467	1511	1530
3157	2820	1153
112	149	1123
2480	1041	497
2343	2002	1901
763	895	2531
205	1476	1493
175	1161	1469
53	1504	1537
1860	957	939
714	1602	1790
219	520	1618
1716	1616	387
494	1297	2198
2474	2016	1844
3088	1678	914
622	683	1387
1797	2901	1002
891	1961	699
167	802	1165
175	1161	1469
53	1504	1537
546	53	1636
9	1762	1761
235	1258	2447
1814	1278	1658
1244	213	2467
520	681	760
2420	2229	2260
1144	2136	2347
2818	225	265
1672	39	29
2288	1150	2311
29	10	11
41	29	2347
29	2248	2251
39	104	2235
2426	424	2268
10	11	22
230	247	273
2508	2222	2449
2422	1802	1947
241	922	1304
222	242	251
10	2447	2330
762	883	969
675	1191	1281
1866	1954	760
2555	242	270
2926	2018	2445
1159	1266	1304
1354	1342	520
1376	39	2966
330	424	1086
2347	1193	1194
215	222	242
2506	2236	2338
332	1144	1233
224	213	290
2435	341	492
424	1086	1261
1390	1392	2430
190	330	1193
1193	1194	2440
439	18	2340
29	1311	1571
29	1144	1166
2569	1789	177
1987	1991	1995
41	305	520
2989	2018	2926
2552	29	1144
600	1011	1197
29	168	228
1277	48	1101
1024	2958	2702
285	1600	2762
47	189	1693
2235	1381	196
24	80	2830
11	29	31
2872	2880	5
18	34	11
2176	531	2153
253	1778	1455
2107	1376	98
8	20	37
20	1	4
75	2	4
2781	2824	2836
308	309	760
1402	1480	34
1881	956	2617
850	971	987
292	796	844
1136	787	869
133	778	783
292	796	844
204	768	787
133	934	960
2902	848	938
179	308	309
292	372	797
294	2300	2273
762	883	969
1967	1192	1998
112	780	791
825	781	897
438	763	815
241	922	1304
1639	2060	2760
204	270	272
762	883	969
48	653	1126
1049	1767	92
282	351	412
700	2489	922
681	1365	29
37	1	67
6	10	12
2248	47	189
5	47	74
2018	2347	20
2827	1676	2831
182	2214	2023
2	6	89
20	6	80
10	11	41
487	499	508
2052	2796	521
477	480	497
2789	2917	549
475	551	588
551	505	586
485	632	636
474	475	488
2790	641	484
482	487	490
2112	1215	2196
2790	500	2795
964	2058	1140
2892	1232	2148
508	565	707
505	538	542
524	546	581
492	511	535
739	2791	2999
2385	632	2149
500	476	477
478	497	539
2506	2301	556
475	723	2275
485	487	546
179	224	271
2808	285	359
112	181	335
206	335	384
229	230	239
266	341	432
178	374	823
328	2590	3105
209	388	1603
457	225	288
29	2347	2783
2420	2555	2561
2918	2561	202
2555	2556	230
2585	304	473
229	230	239
2561	230	2556
2555	230	2552
243	261	262
2556	2572	279
230	342	358
381	345	1142
2555	2783	2918
2816	230	229
279	312	319
209	388	1603
232	242	258
213	252	379
2572	2739	208
230	239	285
230	1615	2553
1600	2810	1634
2555	209	212
362	2553	319
343	400	966
370	362	230
326	1649	1950
379	353	241
239	301	351
216	220	222
2382	2882	1928
391	209	222
215	222	242
242	215	228
251	335	345
2711	242	270
2553	2934	230
214	230	381
1617	230	2585
298	339	369
208	242	265
1455	146	1900
476	483	489
2476	2592	708
2322	2147	3080
1305	163	999
488	499	516
998	1561	177
302	758	2479
2753	1977	1054
860	102	2754
2418	188	965
785	3122	405
2792	488	499
109	1123	1311
1689	1200	2483
2896	1145	2886
224	226	246
168	830	1210
378	111	2866
1053	3020	1066
3016	3018	1043
2058	1992	1996
2699	2030	2041
2029	2041	2053
2034	2025	3094
2025	2022	2133
2029	2698	2026
1991	2007	2034
2034	2066	2031
2029	2022	2122
2022	1991	2034
2949	1870	180
2105	2025	2087
2025	1987	2029
2034	2066	2165
2087	2028	2029
2064	2034	2131
2022	1991	2887
2025	2026	2034
1989	1995	1999
2795	2691	1802
1991	2029	2048
1987	2005	2025
2034	2064	1995
2022	1991	2005
1460	215	1215
241	922	1304
3055	72	187
2346	1655	1574
2556	213	270
2689	2680	2681
189	2838	2846
2630	54	837
2028	2034	2035
152	548	1133
2646	2886	2948
2645	2886	2948
2036	2137	2138
2094	2655	2029
2029	2036	2947
450	105	917
2832	518	3133
1989	2029	2036
2654	2066	2138
2653	2028	2066
2036	2094	2137
2021	2060	2137
1987	1991	2094
2057	2085	1720
2698	2064	2029
2064	2659	2668
1991	1998	2046
1987	1989	2087
2653	2066	2138
417	1481	1173
2028	2029	2060
2043	2060	2064
2064	2659	2116
2064	2659	2660
2029	2034	2036
2021	2060	2137
1989	2029	2036
2887	2036	2137
2083	2768	935
2004	2008	2038
865	257	591
2408	2882	2043
2681	2690	2728
2769	2831	2017
29	2721	2985
2689	2681	2750
2680	2689	2640
1640	2223	144
2842	2827	2957
2820	2131	523
2960	104	2831
1593	1685	1977
191	1743	2680
2347	2683	2769
2680	104	2018
2681	2728	2680
2990	3136	3137
1137	2508	2827
358	520	1120
3056	1804	1830
2681	2720	191
2022	1990	1991
1720	2008	2023
2044	2037	2034
2887	2029	1996
2970	196	2088
316	1929	2548
103	1654	944
1599	212	228
2762	274	353
2093	1894	196
275	278	784
208	214	230
2823	3020	574
230	1142	342
244	263	285
222	226	230
251	335	345
234	3130	1356
2405	2925	2763
3052	941	2250
1751	1770	1773
2855	2770	2625
113	2871	1990
1814	2339	1611
2681	2695	191
29	2679	2985
191	1743	2680
4	22	29
2689	44	104
191	1743	2680
191	1743	2680
2740	445	2082
2681	2690	191
1879	1627	776
3084	2903	2066
351	1631	1524
217	1232	2551
5	11	18
1273	39	62
29	200	1121
2022	2357	2005
2037	2083	2101
2492	381	1306
2567	435	215
212	361	389
272	1634	219
335	215	219
2528	801	1862
1327	1224	1281
1197	600	1011
11	29	41
117	2160	2620
2218	1115	1550
1355	1412	1562
2680	2681	2689
901	843	2424
123	160	1752
1852	1707	3138
2437	1857	2506
191	1743	2680
890	1020	1257
20	75	18
6	11	18
2064	2116	3098
1739	243	1503
1991	2057	2089
1600	439	1634
1617	285	230
336	429	795
206	310	345
213	224	290
249	1610	222
2762	212	220
2831	2952	2780
480	665	695
2692	1278	751
20	41	72
1716	1169	2403
2018	44	20
2437	1098	3065
2816	370	457
1047	1066	1041
2781	2839	89
1128	613	289
2831	11	39
5	2839	6
251	2808	2783
2561	2555	346
993	3036	2023
3055	2555	3052
501	1892	632
2018	41	2508
1899	634	504
634	632	1899
2525	2795	487
2795	3007	1899
1899	1892	2795
2924	1899	2795
525	634	1899
1892	2791	632
3023	1043	3017
3023	1043	1066
3025	3019	3023
1032	1102	1026
1032	1026	1028
2609	87	1053
200	774	1104
1431	1423	1426
1431	1423	1426
1431	1435	1423
660	1056	1087
1431	1423	1426
1600	2810	384
2835	1598	1782
2808	415	3046
1634	220	270
220	230	3046
2814	215	229
1634	230	2816
219	220	224
2562	3046	229
2501	1112	698
2416	225	265
212	346	391
2762	1641	284
346	2561	230
387	218	242
346	225	265
37	2781	2841
2835	2508	20
5	2838	2839
2833	189	2018
2839	5	37
6	3114	2839
2878	2840	5
2018	2769	189
5	2839	3052
189	3055	2928
2828	2837	2839
2825	2508	41
2843	20	75
5	2839	2883
3055	5	189
2781	5	2840
2839	5	2781
6	20	1673
2347	2561	2926
2836	6	20
2828	89	2840
5	37	38
3055	189	2966
2607	242	261
129	1766	1769
129	132	1834
3074	129	132
1755	1759	1765
3074	123	160
982	2710	1503
1028	1458	2136
1819	2670	241
824	2178	1371
129	132	1834
1026	147	984
1833	1853	3070
1352	1951	771
2676	2797	2941
378	2762	2791
481	492	498
513	527	582
3007	2795	2791
635	2790	2791
1783	961	2440
482	497	2790
634	2790	482
1607	1941	2175
5	3055	2878
2839	2781	6
2781	5	6
2840	6	5
2840	3106	3112
5	3112	3106
6	89	2839
5	89	2839
5	3056	3054
2781	80	2830
2829	2875	2876
5	6	18
5	2830	2839
67	2512	2844
2839	2781	2840
1991	2087	2698
2022	2029	1991
2030	2114	2371
2022	1991	1988
267	2263	946
740	1006	894
158	1751	1770
1751	1770	1773
3054	3056	14
3114	2829	5
2018	11	39
2828	6	2829
795	392	2117
2839	89	2872
2878	2839	2885
1991	1994	1999
883	785	1802
53	1504	1537
164	2608	118
847	958	2099
1983	2257	875
3156	953	1589
420	2844	755
213	1159	3133
672	912	1599
1998	1246	2154
413	223	145
1755	2822	1856
1684	2041	1292
829	1930	2005
2406	742	915
3013	492	1938
2561	2551	2555
242	2980	2587
250	286	307
218	241	244
2762	2820	228
2975	3106	2830
1938	2793	2795
73	924	1122
2018	2928	2831
2774	2827	20
3055	189	2833
2058	1925	2396
1991	1994	1999
2802	2837	248
2116	2029	1991
215	291	353
2560	2585	299
2940	332	1144
261	760	830
1666	144	2524
2245	49	228
998	747	848
3055	3052	189
452	615	2640
2361	2357	843
360	156	875
243	340	437
2043	2060	2064
1989	2029	2036
2029	2649	2653
2645	2646	2886
2698	2028	2085
2029	2649	2034
114	115	1445
2831	2769	104
2956	2846	104
2961	2958	2827
22	2957	2842
2953	3152	104
2842	2955	3137
104	2954	2959
104	2960	2769
2685	2831	2959
2780	2954	3137
2831	1132	2018
22	29	104
2083	1986	1819
263	2812	212
3055	2846	2928
636	1297	901
2643	2400	2743
1755	1803	160
1321	2353	222
3036	2177	825
2331	1517	2761
1023	1778	780
2885	2878	5
3106	2923	162
427	754	1153
2180	125	2182
827	2714	1731
3051	428	206
949	2553	3046
1	2839	5
2839	2878	34
2830	2840	3056
220	303	353
3152	29	2987
1719	2508	2833
29	2985	22
6	14	1711
2018	2833	2838
3055	2831	2871
3055	2940	72
1459	484	811
3052	2833	2846
500	3006	753
477	487	488
481	487	498
519	2795	1938
557	2863	644
2924	1938	632
481	487	498
3013	1928	2917
623	727	1889
2793	1938	1928
1928	1938	2924
492	2917	2998
1938	492	2994
2865	2791	1899
1241	3056	1646
519	574	644
1928	2517	2868
497	509	519
497	509	519
2917	3001	1928
1011	1185	1203
261	760	830
3018	3020	3019
2796	3023	1043
3016	3019	3025
1032	3016	3018
3016	3018	1044
66	1032	1035
3023	1043	3017
1043	2796	3125
3023	1043	1062
3016	3018	3019
66	1032	1035
3020	1027	1032
3016	3018	1029
1098	1041	1047
384	2898	1447
2878	2830	2840
2828	2829	2839
2866	925	2478
178	676	2460
2208	2876	1929
1431	1422	1425
1726	2386	2779
2832	2711	2165
1292	153	756
114	115	1445
114	115	1445
205	1476	1493
45	1210	2874
962	2748	467
982	1326	667
335	381	1634
228	240	284
1634	2814	230
2432	769	2807
220	303	353
2762	1600	2810
5	3055	189
5	26	1723
3056	2879	14
2838	5	2990
2840	5	2830
2830	2840	26
5	3056	6
3106	2830	5
2830	2840	5
2839	2781	5
5	3112	3106
3106	3114	2883
943	605	2294
2830	1681	2883
2831	2839	5
5	6	28
2839	5	2878
3031	2856	2220
1833	1853	2859
2577	2745	2814
731	1985	774
1403	2480	2268
1765	1770	1778
776	2338	2876
2668	3078	453
1833	1853	2859
2715	2414	2409
1833	1853	2859
1456	1217	341
1443	467	931
1206	2929	614
2076	1250	614
102	2540	993
492	498	506
3059	2878	2830
3056	3054	3059
2878	3059	5
1987	2019	2052
2019	2030	2056
3093	3094	2139
1987	2698	3094
2066	1991	2139
2058	1987	3098
1986	2034	2037
2698	2008	2036
2105	3093	2087
1987	2058	2698
2030	2031	2033
1987	2080	2009
3098	1987	1988
2029	2041	2053
2367	1872	940
2584	2828	1868
241	922	1304
5	3059	2875
3059	8	2834
3063	3106	3031
3056	1681	3054
3054	3056	14
2583	1759	2581
5	2839	2840
122	2688	364
3063	3106	2829
2609	2610	3018
480	2307	641
2338	2747	663
2309	1943	1626
1634	382	3046
264	326	401
3039	585	637
326	2810	264
2816	229	230
241	922	1304
3023	1043	1028
2088	2342	1187
2025	2029	2037
2	6	89
3092	113	1041
210	242	382
2063	126	431
757	2723	2897
241	922	1304
25	781	1932
29	2721	2846
2508	2956	3052
2961	3055	3149
3119	3102	1962
3004	1185	722
1800	1775	891
2763	2679	2053
2293	846	387
211	307	330
479	2116	1067
5	95	1680
2423	106	424
1957	2456	2322
3153	22	29
3152	3151	3137
2333	191	720
3149	3052	3136
2985	2956	22
3148	22	29
275	278	784
755	1198	1210
1478	2848	1725
182	2517	2455
1613	83	3090
546	551	589
769	2855	1421
200	315	1168
1627	1205	6
2274	1094	2080
755	1198	1210
537	1968	1346
2145	567	2812
508	311	2412