253
2616
257
866
893
5274
4244
168
877
178
2058
3624
522
87
898
173
166
82
2079
0
3511
986
881
0
2379
184
813
0
345
4075
431
1509
84
86
2448
457
184
2235
1260
3184
643
2254
84
929
2372
0
168
1671
343
462
173
343
0
270
98
83
94
467
273
262
184
184
471
84
442
271
83
799
273
0
352
550
458
537
1351
1932
910
85
1589
454
3107
99
644
435
185
89
89
467
193
2930
97
98
83
270
0
193
0
89
0
0
989
0
367
0
3510
0
272
268
0
91
0
93
261
186
84
84
0
0
0
0
0
0
357
96
0
0
0
0
0
174
0
0
88
372
0
87
261
84
176
99
87
0
0
0
86
354
616
370
441
89
0
0
452
98
0
0
0
0
261
0
195
0
264
371
896
0
0
380
366
95
0
0
0
0
0
176
168
0
361
273
0
182
0
0
0
82
0
266
371
2058
460
88
0
268
270
364
1635
472
0
0
277
173
176
88
365
92
538
438
639
823
95
268
1684
453
847
1553
609
99
284
281
907
0
1251
349
925
371
357
0
733
479
2345
367
726
82
455
99
282
357
355
645
452
545
1813
440
570
541
360
195
272
619
343
792
558
273
87
272
558
630
377
364
281
1270
354
634
450
825
523
273
279
280
1070
370
994
269
457
455
262
185
463
180
279
195
922
368
355
1101
616
359
543
172
541
636
546
99
187
448
280
93
358
360
278
272
617
738
279
531
367
621
722
722
381
92
355
362
351
273
357
537
619
886
266
254
0
0
375
0
523
443
359
179
918
369
643
282
280
897
361
271
439
652
437
559
628
347
347
841
738
183
364
88
543
555
88
829
181
457
178
364
987
275
0
523
363
186
444
273
278
701
280
185
465
90
518
458
370
372
904
276
834
645
257
1348
1203
271
263
373
99
538
441
975
82
1012
368
473
271
184
82
362
90
718
425
615
183
654
268
734
97
98
637
457
557
267
529
380
272
661
257
265
540
193
450
560
284
644
1170
544
708
82
524
365
95
188
624
182
350
747
361
441
726
1258
517
277
724
975
354
542
339
832
360
94
357
553
264
819
727
277
432
692
256
189
185
261
524
369
374
95
375
526
274
180
259
627
171
364
433
813
176
1728
178
184
2624
637
1339
618
171
1331
0
1985
351
456
886
256
1616
703
260
359
351
1773
275
1444
978
1387
279
83
1249
707
269
0
353
1255
89
557
655
188
258
165
258
729
285
1424
1351
267
262
93
476
1594
460
1258
178
84
184
355
359
0
358
86
356
259
716
537
181
84
702
97
169
0
802
86
278
615
191
1538
431
94
192
280
370
711
721
642
0
562
470
0
98
1058
179
178
0
361
433
0
282
94
272
272
176
712
89
84
269
278
257
614
89
84
183
84
96
194
89
804
96
616
263
178
444
182
182
351
542
275
628
436
544
82
0
0
0
266
172
259
0
282
362
550
623
0
379
258
356
81
0
288
272
456
86
0
94
0
92
0
1315
0
1526
1376
1047
1065
706
909
554
539
187
628
265
271
194
257
356
195
181
0
356
458
461
0
263
0
182
93
0
276
0
258
83
1607
97
0
458
363
269
88
0
89
95
615
721
268
83
97
267
1011
179
171
88
370
89
195
374
173
457
362
88
0
337
177
95
353
266
93
268
723
167
95
99
270
177
267
453
96
81
185
289
179
0
0
253
89
96
0
88
167
926
195
94
284
166
264
267
255
84
97
178
177
172
184
563
264
465
190
81
570
174
185
193
177
93
460
184
186
272
357
181
358
85
179
0
447
262
181
737
258
182
91
0
185
0
179
560
275
466
179
286
89
639
264
633
87
268
89
88
185
99
698
370
186
442
455
183
0
191
187
274
277
99
354
97
280
290
92
191
277
276
185
88
93
368
344
181
258
174
186
276
0
372
272
358
93
464
178
339
260
0
93
374
442
471
0
0
289
368
0
95
370
277
263
169
0
0
95
475
84
184
176
463
348
284
621
179
284
186
99
473
0
0
279
89
479
92
190
283
93
99
96
0
182
0
195
361
538
0
0
188
283
280
195
82
94
193
763
187
462
356
575
97
183
0
82
257
178
259
273
93
97
86
178
0
1150
191
279
85
272
90
254
90
184
645
557
454
90
714
0
281
536
478
178
0
189
0
0
467
0
181
172
282
89
179
90
465
283
360
554
171
267
374
180
356
186
183
0
373
457
87
95
92
99
631
461
376
444
383
371
272
94
537
95
433
95
276
98
96
92
906
88
283
448
623
181
0
359
95
272
272
272
277
273
273
771
176
263
263
270
286
277
94
294
0
798
94
0
244
182
291
187
187
95
97
273
188
475
0
279
367
428
267
95
463
1101
188
178
355
898
180
187
0
175
0
549
366
187
363
0
169
92
0
283
1556
1623
1288
541
551
355
2600
184
86
823
195
182
603
1624
348
269
738
2240
1261
173
908
437
436
544
359
273
90
463
840
186
176
360
277
175
0
457
643
271
90
541
846
82
0
460
93
0
174
182
269
446
452
274
370
263
261
275
288
359
88
176
464
375
85
272
269
447
350
273
183
180
0
93
283
82
462
536
1079
538
193
82
94
357
179
0
363
350
278
179
0
0
269
95
177
0
370
643
188
180
196
82
450
185
185
92
187
87
550
471
262
359
365
460
81
96
170
183
1070
89
169
731
272
173
93
182
368
86
182
447
0
90
83
0
90
183
273
82
175
182
358
189
630
0
0
182
572
0
0
0
270
371
279
0
82
188
625
267
456
638
269
178
89
0
0
185
180
173
95
627
542
0
82
567
553
0
186
271
97
178
262
269
97
178
97
277
813
464
184
97
273
168
458
180
186
0
282
183
179
93
382
448
84
95
0
95
278
90
176
83
0
256
86
451
94
90
176
348
654
183
462
264
90
441
0
463
558
96
172
91
290
86
0
253
0
0
182
468
176
0
528
92
171
0
356
451
99
453
276
375
181
384
262
736
90
94
81
928
379
348
177
463
178
93
171
188
184
360
367
272
0
272
178
271
269
196
263
356
97
82
354
273
176
462
189
364
0
745
190
186
0
547
177
96
357
92
364
83
0
463
97
455
0
860
189
736
0
175
192
92
362
174
191
731
446
187
369
268
383
359
169
86
357
177
92
291
354
196
90
94
924
279
187
173
292
192
0
276
0
183
177
624
0
284
89
0
253
378
372
98
0
733
255
0
0
176
558
468
263
353
87
89
0
378
275
620
266
255
275
82
278
87
177
356
0
284
0
365
0
354
0
177
357
0
291
451
0
0
373
552
354
98
191
88
0
188
353
81
98
91
0
98
91
0
0
0
0
378
0
98
91
189
91
91
178
0
99
0
0
0
0
84
0
0
0
0
84
0
0
0
0
0
0
0
0
0
84
0
180
0
0
99
0
167
0
82
91
0
0
176
0
0
92
0
0
0
97
0
94
82
0
0
0
0
0
0
0
96
0
92
0
0
626
86
0
0
0
0
0
0
86
0
0
0
0
0
0
81
0
0
0
0
92
91
93
187
86
0
352
0
0
0
0
0
0
92
163
174
86
0
0
0
0
86
81
0
0
185
0
0
86
187
0
180
0
82
0
0
0
0
175
82
0
0
93
0
84
0
91
0
192
0
0
0
0
0
94
99
367
0
0
179
81
0
99
354
518
180
0
0
0
93
191
0
0
94
0
0
0
82
0
0
98
0
0
1071
1618
264
281
454
266
564
179
871
617
272
1444
90
86
346
284
529
352
252
182
364
0
286
172
452
357
465
97
86
719
95
366
265
90
90
2192
187
0
341
351
446
375
371
92
356
190
0
186
86
175
523
354
94
353
183
374
0
181
184
267
189
263
191
355
264
182
189
742
178
176
186
465
283
887
911
172
198
444
279
86
84
274
253
0
83
279
166
0
184
284
358
272
534
722
288
181
356
446
180
0
89
0
82
93
92
170
0
82
85
172
562
193
437
283
260
364
89
650
83
276
741
432
729
86
175
360
89
179
0
272
186
253
183
83
177
276
995
177
0
183
188
183
0
443
170
0
0
0
99
83
0
0
183
96
0
0
184
0
0
0
85
0
0
0
0
0
183
174
0
0
171
281
0
0
180
182
0
88
182
186
0
0
93
0
0
0
0
0
0
0
0
0
0
0
0
0
0
0
0
179
0
87
0
0
184
0
0
0
285
90
99
0
0
83
0
0
0
0
0
0
0
0
0
0
0
0
0
88
0
0
0
0
0
0
190
178
0
0
88
88
171
0
90
0
0
0
87
0
0
0
0
0
0
0
97
173
0
0
0
90
0
0
0
0
0
0
93
0
93
87
0
90
93
0
0
0
0
0
0
0
0
0
0
0
0
83
94
279
98
168
92
176
798
1894
178
188
561
354
96
0
2543
167
0
0
354
0
277
261
0
98
184
255
99
0
0
86
173
96
0
85
438
188
89
83
284
0
90
0
171
997
177
0
266
93
85
282
0
0
89
1617
180
91
270
434
351
89
173
282
180
351
93
272
90
0
182
89
276
181
457
636
96
166
166
190
470
522
195
272
195
179
255
291
87
86
174
181
168
176
169
464
98
179
0
84
0
274
88
369
1699
935
360
268
2447
185
92
461
1161
707
812
438
526
183
85
261
90
617
834
0
266
808
726
953
96
342
0
0
0
84
450
4315
446
353
1091
1628
706
188
796
605
617
974
2230
1171
813
191
548
2682
178
622
610
624
181
450
976
174
258
894
175
524
532
904
95
170
176
351
821
525
183
374
1360
1446
0
537
542
356
264
2256
191
971
291
178
176
190
355
344
452
261
348
173
265
99
354
356
462
259
458
447
693
0
880
174
828
182
174
194
91
822
360
532
465
93
646
378
620
97
249
171
775
368
351
0
570
266
359
179
462
716
81
525
627
91
277
0
356
555
175
277
176
169
274
379
184
625
1083
440
440
555
180
543
270
262
811
349
84
446
266
339
276
531
727
357
176
377
92
354
85
183
366
190
1038
596
431
187
0
446
257
0
368
0
0
0
0
85
0
0
0
0
178
0
0
0
0
0
90
0
0
0
0
0
0
0
88
0
0
0
0
88
0
0
0
0
0
0
0
0
0
0
0
0
0
0
0
0
88
0
0
86
0
0
83
0
84
634
269
545
187
170
281
465
93
791
1181
268
349
0
276
363
1627
193
182
94
363
195
279
197
271
169
694
93
171
1649
370
470
614
0
0
281
0
182
355
193
368
1141
374
90
89
849
191
185
812
340
0
350
460
563
89
0
277
96
370
88
266
185
391
175
265
179
183
192
87
366
280
88
0
0
94
278
0
266
0
183
549
90
183
267
641
167
557
84
97
278
179
349
622
187
0
0
719
352
280
377
524
183
91
268
187
88
89
192
0
88
563
561
0
185
352
91
89
0
0
726
87
0
188
348
99
0
264
270
2452
359
733
0
351
261
728
0
89
191
454
90
94
83
183
188
633
360
728
170
85
91
86
274
465
837
361
178
0
618
86
0
175
94
0
283
0
0
0
81
0
89
0
0
0
92
82
86
0
0
0
0
0
0
0
0
0
0
181
163
86
0
0
0
0
0
99
351
614
474
967
656
379
2485
1269
181
1066
89
178
799
0
86
444
729
185
88
0
362
284
89
289
450
174
537
264
0
165
265
189
88
282
467
713
0
99
268
0
181
169
749
438
274
95
349
0
277
281
352
375
185
195
534
0
0
0
96
97
180
84
182
0
0
89
271
269
189
186
268
96
0
362
182
0
96
0
88
181
189
180
0
275
96
264
0
175
0
367
259
90
182
85
2760
174
0
176
1287
284
98
0
170
714
188
173
82
89
372
88
0
1250
0
0
82
83
98
86
190
0
274
89
0
98
347
97
272
173
274
183
95
183
0
93
171
820
354
452
869
625
99
1875
981
184
365
90
542
1875
794
82
93
99
91
570
261
435
359
175
820
82
271
84
444
93
172
0
561
86
167
91
272
457
85
433
94
285
0
92
0
0
0
82
0
0
0
0
183
0
163
91
0
0
178
168
0
725
345
287
177
272
558
447
462
83
622
762
365
0
520
468
354
436
637
188
171
86
0
85
99
379
193
0
86
86
0
179
372
364
0
170
97
262
262
87
192
540
0
0
186
256
174
377
98
275
177
806
166
191
93
270
0
82
82
170
166
93
98
176
170
0
191
0
0
99
265
270
452
475
0
262
0
445
0
88
87
377
271
171
87
90
0
180
263
178
1871
1070
0
0
0
170
369
0
90
193
0
352
263
358
186
0
0
0
93
0
0
0
180
270
88
84
97
88
88
0
187
0
0
0
0
96
182
96
453
262
0
377
82
443
432
0
279
288
471
0
0
91
269
0
96
0
0
88
82
189
189
361
0
95
1629
179
183
273
282
339
363
541
168
0
275
0
1640
0
273
179
349
0
1008
3598
720
1185
0
1059
1674
376
1803
1326
1915
1364
1433
1185
419
1439
964
374
257
916
94
190
96
91
91
189
0
91
1606
0
1093
267
1075
195
654
290
1249
0
274
266
987
370
269
191
810
545
1257
978
2054
896
2052
2367
796
1357
278
786
623
1088
2284
4390
2970
632
1237
178
645
86
1512
0
86
88
186
85
194
0
0
0
0
88
0
97
0
0
369
559
181
714
1112
0
558
180
0
1324
1236
257
1048
905
726
335
2876
914
802
93
88
1159
196
882
1050
1701
377
185
0
0
90
189
86
466
368
450
0
365
355
86
0
86
0
0
0
0
0
0
0
0
0
0
0
0
0
803
617
544
183
262
547
263
899
0
1739
283
1044
0
86
0
263
91
364
164
89
0
449
0
1205
0
0
0
168
82
259
274
262
184
256
84
707
533
705
358
420
435
516
517
681
984
168
82
0
549
1243
0
0
184
0
0
0
0
430
263
0
0
0
281
630
619
752
458
266
440
85
340
85
1374
900
434
0
179
728
281
93
619
456
820
93
357
181
457
356
359
901
825
0
176
360
181
90
530
181
89
691
706
610
610
617
83
268
1160
290
261
83
179
177
187
0
874
433
0
0
0
98
0
0
0
84
84
92
0
0
0
1083
188
284
0
175
1179
1052
178
622
2023
1722
91
183
1078
534
451
433
635
0
173
184
254
276
0
97
0
0
0
293
0
0
97
0
97
0
0
0
0
0
88
349
352
361
89
172
548
337
1648
1085
82
505
362
1147
91
347
266
94
91
0
86
1164
183
251
263
273
0
1070
0
551
359
0
0
0
535
173
0
264
266
185
268
0
167
271
0
95
0
0
86
0
180
256
599
0
0
0
0
0
99
0
95
167
0
248
442
0
345
421
248
90
96
0
0
0
96
0
0
0
0
96
0
0
0
