1671 1673 14 78 1738 29 38 1739 79 24 1675 62 10 74 163 34 41 	99
2260 793 2349 1578 2456 1375 2235 	99
2281 1354 1086 1342 2641 2416 1349 2421 40 2437 	99
791 268 950 945 833 2482 883 	99
2281 2456 43 2347 1250 2236 195 2299 480 	99
1011 2926 2254 2318 2265 2279 768 188 	99
1311 2303 2926 2938 1571 29 2451 	99
2111 2888 2029 2147 2611 2371 3093 2028 1991 2070 2081 	99
67 2830 2467 2899 2884 4 2880 2872 89 2844 2512 	99
341 992 1197 899 840 1184 947 1327 453 846 883 907 1017 782 445 313 	99
1350 985 520 1275 2240 1413 168 906 2294 1289 2508 768 1358 1277 1242 187 	99
3093 1995 2094 2130 2058 2057 2023 2062 2131 2122 2633 2034 	99
2060 2147 2000 2101 2122 3094 2361 2094 	99
296 1634 219 2815 345 2741 2742 334 272 224 460 220 277 258 310 	99
2952 2831 2681 2677 2690 2769 2985 2728 	99
245 1640 215 814 345 2560 466 328 381 421 438 798 1970 220 378 368 212 235 	99
2018 2508 2681 2343 2989 2689 2640 147 2680 	99
2783 429 2585 242 1625 2565 2934 258 317 232 2782 	99
558 2792 2866 1911 565 2999 2865 635 530 2795 556 2924 2790 481 	99
487 1923 2995 488 1938 2924 711 1892 3003 477 2793 704 2795 	99
1100 1081 1087 1066 1086 87 1082 1078 3019 1112 	99
39 2831 2512 6 44 1693 2774 	99
1 47 37 139 1676 2774 11 2824 74 2780 43 44 2831 1691 78 1719 	99
244 2762 263 2462 435 1600 364 285 1634 1666 2710 1608 	99
80 1694 34 39 35 197 6 1695 104 75 31 	99
1043 1066 87 1026 3023 2797 1093 1101 1046 1049 	99
2781 2895 2896 2824 37 2841 2897 	99
2872 2840 88 2874 6 2828 2834 2844 21 	99
2061 2034 2071 2066 2097 2614 2064 1988 2113 	99
3063 3059 2883 3106 2840 2837 5 3114 2829 2895 3114 	99
2645 2646 2649 2029 2947 2008 2096 2948 2886 2623 	99
2277 2242 1329 1244 2264 1299 556 1323 1126 152 	99
1165 1270 2405 1337 802 2316 2226 2258 2319 167 	99
282 1166 261 3046 276 214 2810 415 1007 1309 312 1664 335 265 283 464 391 2580 	99
2005 2025 2632 1987 2048 2031 2034 	99
256 1635 435 857 1440 214 224 403 353 1628 339 374 222 1965 217 	99
229 3123 239 2554 386 443 230 248 251 2776 415 2562 293 2816 2543 401 370 	99
2289 2437 1399 681 1122 760 520 1275 1211 1346 2413 2305 1198 1381 1354 	99
1043 1035 1026 1054 1078 1032 1039 2799 1102 1028 	99
851 857 2920 1666 797 249 992 794 	99
504 623 634 2522 487 594 501 	99
772 1332 260 333 770 862 881 912 351 934 859 867 	99
308 309 382 879 930 261 882 	99
1809 1807 2969 1755 160 1774 1803 1747 1777 	99
1634 1666 269 798 878 215 368 1371 2707 	99
2438 1281 39 2235 2786 104 2422 2018 2349 	99
520 1242 2420 1175 2330 437 1124 1721 2452 1290 1282 492 29 	99
39 44 2781 1675 64 2989 2839 71 81 2018 2878 89 2840 1689 100 2508 5 	99
2887 2058 2699 2078 2618 2022 2611 2373 1992 2150 2026 2092 1996 2616 	99
2623 2655 2648 2094 1991 2661 2362 2657 1987 	99
6 100 39 18 1711 2781 34 104 2758 20 2018 147 2468 57 11 75 1677 2512 	99
1311 1365 2503 665 1121 1170 1132 985 1387 681 	99
1137 2234 1465 1351 1170 1298 1354 167 1358 2229 1224 	99
2372 2064 2353 2099 2089 2759 2030 2131 2065 3097 2626 2365 1986 2058 3098 	99
497 559 477 512 697 562 480 551 	99
1006 1661 247 224 379 419 450 260 1948 423 391 2580 1634 464 	99
3093 2353 2064 2044 1995 2139 3101 2131 2097 2698 2147 3098 1987 1988 1997 	99
1564 1349 1137 2277 1328 1413 653 29 1329 	99
211 330 1146 3143 1308 307 3124 	99
1027 1036 1043 1042 1050 1044 1055 1054 	99
31 74 29 2420 34 104 11 196 1721 	99
2083 2365 2356 2053 1991 2626 2063 1987 	99
2021 2656 2454 2670 2655 2060 2137 2365 2615 2140 	98
2113 2053 2633 2089 2022 2106 2376 2109 2698 2372 	98
196 2241 1672 1281 2338 1572 29 2746 2420 41 49 11 2315 2272 2346 2229 	98
635 687 1886 490 524 2786 1934 1905 1892 646 505 652 635 736 501 	98
962 1605 1610 2567 1613 2542 215 	98
459 421 261 294 2764 439 2457 	98
399 1970 215 910 1958 377 407 382 339 234 3119 219 403 1963 	98
2438 1740 2966 2249 197 2420 830 	98
2746 1220 1260 1354 1389 2259 2317 1132 1381 2322 1337 	98
3023 2796 1066 3024 3017 1033 2797 1042 3022 1028 1043 1100 1094 3023 1062 3125 	98
1431 2805 1433 3036 1435 1422 1431 1425 	98
2823 212 391 2580 826 420 2819 346 	98
272 373 218 847 244 1619 241 1600 378 252 403 2921 2567 910 1967 448 1209 270 	98
2827 2958 2954 2780 2833 39 2952 2774 2961 2420 	98
2781 1692 26 54 79 1978 2831 1716 5 2832 93 	98
2790 2275 475 2537 3007 723 2868 	98
914 1254 2281 1408 1375 2235 2329 2264 2305 	98
29 2721 3135 2846 2953 1719 305 1247 	98
2878 1724 3052 3059 3086 38 3088 2982 95 2878 6 	98
2048 3093 2022 2139 2887 3094 2372 2119 2005 2066 2039 2634 2165 3091 1991 	98
879 840 875 849 1373 998 783 930 829 	98
2556 303 2555 353 405 279 422 1968 2785 	98
1224 1596 1415 1462 2382 53 1586 	98
3074 2852 1778 1770 2850 1765 3074 	98
2961 2953 2846 3137 18 2954 3149 	98
310 2979 966 345 3051 206 431 2810 1958 2765 405 	98
2783 1663 1315 2965 286 238 1623 2812 385 334 1205 	98
2430 2286 1293 1392 1342 1394 681 1408 1414 1281 1390 2330 2271 2447 	98
415 2810 244 1640 303 2808 229 	98
1928 747 2866 562 690 3007 511 1938 	98
2017 2235 22 2347 91 2961 1380 2842 2780 	98
959 812 844 1197 840 1160 765 2494 	98
688 616 1938 501 1887 701 1908 527 2790 589 2525 505 485 1895 	98
26 34 89 2982 6 1673 1 	98
2132 2044 2699 2674 2061 2134 2040 2114 	98
2955 104 2685 2679 2685 2960 1979 	98
499 596 538 751 551 741 519 	98
2793 668 643 508 487 738 2792 586 2788 499 513 577 637 1899 572 2514 	98
393 332 230 2569 1605 281 3051 256 2820 357 274 	98
2838 189 196 3054 107 2018 2781 1688 2879 2787 	98
47 2508 44 2927 2825 78 20 72 2347 2772 2835 29 2774 2420 41 	98
2440 1285 1709 1210 1320 2222 330 2449 2448 1193 1194 2426 1261 190 2508 	98
357 1621 2814 355 3048 1644 2813 	98
546 712 2866 581 736 2791 2530 2862 2917 524 705 	98
104 1710 1719 2347 480 11 14 74 2338 41 196 24 22 1687 	98
475 492 649 564 722 559 661 748 	98
2558 306 2572 366 2553 2585 230 353 330 1605 	98
362 285 857 1659 2763 1274 1182 1599 	98
2264 1281 1934 2250 2744 1545 1327 1380 2242 1224 2261 1285 1311 2329 	98
1735 2318 424 106 47 2420 2330 196 153 	98
189 2418 2465 2600 480 2248 197 	98
499 485 632 497 490 480 493 543 492 527 	97
2298 830 665 1327 2160 1324 2299 1312 1249 1351 	97
2659 2029 1994 2117 2087 2009 2616 1991 2100 2034 2073 2056 2357 82 2620 2698 	97
731 480 1941 581 497 526 744 750 475 712 665 	97
2926 2018 2456 2846 1625 3055 1735 2833 2928 2348 2989 2349 2993 	97
1135 1380 1311 1213 2260 1356 1249 	97
2551 234 2919 241 2419 1626 236 2587 	97
681 1132 1325 1197 1323 2317 2745 	97
1610 308 309 212 355 1602 332 2814 214 423 447 230 451 931 2816 382 	97
408 436 242 275 317 190 946 212 	97
373 1957 215 893 290 406 249 1634 	97
2689 2831 2640 122 44 2750 2680 1719 2724 2689 104 2681 2018 	97
1133 1341 1277 1301 152 1242 2270 2421 2326 1220 1164 1141 548 2644 1343 2248 	97
1987 1997 1988 2077 2073 2109 2134 	97
2994 701 492 3006 687 725 2793 	97
796 1136 1002 2483 844 997 292 947 1124 2480 1953 	97
2659 3091 2353 2030 2007 2165 3094 2363 1988 3093 2067 	97
271 958 401 1012 291 1946 1630 770 374 381 444 	97
920 453 962 964 206 324 929 824 889 	97
24 47 20 75 18 1684 11 1 2512 80 1680 78 34 2473 20 1673 4 	97
2154 2887 2067 2034 2010 2146 2134 2029 2020 2102 	97
268 897 337 935 303 941 381 938 356 829 442 879 	97
2009 2698 2072 2005 2113 2128 2067 2064 3093 	97
3053 26 3061 5 1712 1 2982 2839 3063 	97
826 946 439 358 908 220 385 1007 432 	97
800 1615 2811 451 1657 471 453 1634 440 2922 	97
2839 80 1734 2512 44 39 43 37 	97
164 2841 2332 18 2844 2884 24 2512 2828 20 67 	97
2831 2678 2952 2017 681 41 2769 	97
2440 1285 1709 1210 1320 2222 330 2449 2448 1193 1194 2426 1261 190 2508 	97
898 850 1001 790 875 815 1145 770 908 996 261 	97
72 1496 1709 2347 10 2419 11 1120 39 29 44 2774 62 2926 2018 	97
2525 749 2791 644 722 1943 654 2998 557 2863 2790 752 2866 723 635 	97
1299 2267 1170 1302 1244 1327 2305 2744 1273 1142 	97
1032 1039 1051 2799 1035 1102 1082 1026 1029 1066 	97
2307 2481 2503 1020 1136 1206 993 	97
2887 2130 1991 2152 2084 82 2056 2075 1997 2627 2886 2057 	97
3051 1654 999 1607 281 2979 428 	97
1853 3077 2859 1833 3079 3074 3070 	97
2820 784 405 242 1013 1665 278 270 1621 	97
901 1323 204 411 1007 272 2497 270 410 	97
1603 879 2814 399 229 215 1315 1634 381 2813 884 2562 389 2816 3046 1614 376 225 1610 	97
760 2267 1365 774 188 1254 1202 2136 1480 	97
2788 634 1899 2789 2790 679 490 708 741 	97
2272 2309 2430 1216 1208 649 1338 2447 1359 2220 	97
3055 2871 2018 2878 2833 89 1670 3056 2982 	97
1261 2416 189 2818 2347 2248 2938 	97
2128 2371 2034 1986 1991 2124 2122 3091 2150 	97
2421 1375 2448 2417 2419 2966 2303 29 	97
774 1327 2315 1121 1130 1721 1336 2225 1183 1250 2233 2310 480 1304 1104 1275 1142 	97
282 243 1601 1967 2766 346 937 	97
424 2456 2513 11 2033 2250 104 	97
722 2790 666 557 665 654 3006 	97
1892 1899 2795 623 1938 519 615 708 	97
104 10 78 90 24 1670 47 38 11 1673 1716 	97
272 179 826 271 224 786 1643 1008 2539 852 1025 1018 282 441 	97
252 382 463 2739 435 2549 269 	97
265 860 1624 1965 263 373 287 230 207 1959 222 339 1950 951 	96
1035 3115 3023 2801 2609 3024 3018 	96
3003 506 499 653 2793 747 3006 2275 1928 736 	96
759 806 985 914 867 971 869 	96
2299 1198 200 1397 2802 1104 2248 774 1170 2746 2239 1164 1401 1372 1313 2038 	96
1728 3056 3059 2828 164 3087 43 37 	96
1044 1035 1090 1075 1040 1026 1028 1036 1091 1054 1027 	96
2808 278 2782 347 257 331 1619 239 351 423 	96
2240 2485 960 133 934 2285 2256 1222 	96
1372 554 1401 2458 1272 2235 1491 760 2264 2222 	96
1905 551 588 2863 2788 736 2518 	96
2048 2614 2064 2633 2663 82 2034 	96
2828 163 2012 2875 2897 2839 3106 2837 	96
1416 1211 1225 1282 2229 1419 200 1388 1413 1121 29 1200 2296 1269 2735 1273 	96
863 928 1001 1127 348 914 982 917 1367 	96
2795 481 557 519 642 2998 1892 2863 3006 744 2994 601 	96
700 2532 2999 739 676 2791 485 1895 1938 524 2792 737 	96
776 973 952 924 1327 1004 855 	96
688 546 589 3159 616 551 709 620 	96
1098 2799 1043 1049 3024 1032 1062 1046 	96
89 75 2878 1978 6 2837 34 5 	96
625 2791 566 504 1897 2525 658 1892 	96
123 2893 2752 160 1752 2852 1807 	96
602 561 640 569 593 502 1899 591 637 521 501 614 482 	96
1150 2418 2926 2940 2311 424 2250 	96
497 635 669 482 701 707 3007 722 639 632 518 501 613 691 	96
2990 20 2846 145 2839 44 3055 2983 3060 2871 2966 3052 5 	96
1166 1006 246 2922 1609 2862 436 394 345 2762 378 2768 447 365 229 	96
2821 824 273 421 247 2561 983 2425 346 230 999 2815 814 1962 2555 	96
634 738 670 1899 685 603 499 509 542 550 512 690 501 645 483 477 565 	96
1634 454 3048 395 425 381 3047 	96
554 477 561 517 524 1899 625 532 539 	96
580 2788 489 601 504 646 517 592 1899 	96
2555 283 2572 413 422 2463 2549 	96
2226 3155 1210 2315 2330 1339 755 3164 1198 1237 2272 	96
20 2880 2872 2467 2839 2824 2876 47 5 1716 2787 2342 2781 	96
1995 2010 2156 2110 2100 1994 2064 	96
1718 2839 43 1 78 24 80 1726 11 	96
8 20 43 2885 3128 2472 37 	96
931 879 231 950 267 776 447 412 	96
1317 222 1628 2808 818 409 1963 860 2814 236 767 319 1634 975 	96
2276 1201 2745 2021 520 965 2264 1305 	96
2926 2879 1731 2842 2561 2990 2830 2825 	96
44 2733 1734 5 2011 11 2018 80 24 2781 18 20 1984 75 	96
883 2498 2490 969 2431 1139 762 	96
525 1916 2032 497 735 487 2868 555 534 640 656 637 482 1899 741 1931 722 	96
232 370 393 315 2556 397 2549 2429 2550 413 2420 	96
2612 2699 2145 2150 2614 2047 2041 2030 	96
3106 2875 5 3112 2840 2876 3106 2875 5 2879 3056 3062 3059 3112 	96
1891 562 477 718 2866 743 489 	96
1251 209 2816 214 2557 228 2918 	96
2762 1649 285 363 1025 1017 359 929 439 1599 1654 2808 1347 1309 2540 2462 1600 	96
2825 2989 1736 44 47 2871 5 40 78 2835 2838 29 2833 2826 	96
493 618 538 562 511 487 477 540 636 534 551 1894 509 599 	96
244 948 1662 222 897 467 288 	96
1058 1065 1044 1066 1035 1069 1027 1050 76 1054 1074 1039 1046 1049 1044 	95
2418 2513 10 1438 2430 41 39 480 40 11 	95
1919 516 555 497 527 636 485 	95
466 280 787 242 462 378 1957 430 230 940 214 	95
1030 1111 1042 1026 1032 1095 1101 	95
3056 3031 2983 2830 62 80 2840 2465 2878 24 2871 	95
381 2762 1007 2704 1634 2762 409 3051 1640 353 	95
964 2544 957 266 792 432 1956 826 814 341 818 905 881 	95
1693 2435 2990 2831 2926 2928 2248 2018 2463 47 2827 2506 3055 189 2833 2989 2021 	95
2831 1710 1684 2512 20 2780 78 	95
228 2421 2459 1209 1292 29 2549 2248 168 2347 	95
2558 432 424 1182 2782 1610 2567 2815 2739 	95
2058 2046 2759 2027 2145 2009 2155 	95
519 2790 492 501 696 525 517 511 	95
635 567 482 501 2788 536 634 480 624 1909 1899 604 561 2788 	95
914 1254 2281 1408 1375 2235 2329 2264 2305 	95
2840 2900 2839 2875 8 2834 3107 2899 2837 	95
2810 326 2739 451 2919 2821 361 3122 	95
2878 2839 2781 3145 2830 95 2838 1712 5 2837 3056 1729 2828 2982 1680 2883 	95
2435 2018 1342 1412 2445 228 943 2226 1250 	95
882 891 832 372 2488 982 842 292 885 991 797 	95
477 575 639 591 1899 674 526 595 517 559 487 641 551 680 	95
872 410 1296 982 873 471 974 303 1334 922 907 	95
2131 2089 2057 2886 2109 2761 1991 	95
1614 240 2589 2808 1316 220 2712 425 	95
512 2792 539 3010 518 2032 572 2534 2793 500 	95
2009 2363 2364 2634 82 2029 2022 2092 2047 	95
2423 2303 1227 2966 264 2229 2420 1337 906 194 1250 	95
2997 593 691 2793 550 2924 2866 	95
2888 2142 2024 2136 2057 2008 2049 	95
2980 852 2441 2589 2820 843 452 	95
665 783 1416 1133 954 1169 2423 2326 2251 1179 1359 1281 	95
950 933 1327 928 948 928 948 981 955 995 907 1243 1005 890 965 987 335 	95
2567 2420 413 473 242 1963 2574 2572 2589 370 453 362 265 1276 304 2553 208 	95
39 65 57 2018 75 2774 24 20 2757 1 	95
1007 389 913 442 300 881 336 342 760 	95
2812 210 2549 418 2919 447 3130 242 389 382 2783 	95
676 522 485 654 477 648 525 1892 747 722 2525 	95
342 1340 983 239 809 999 324 920 910 839 1629 382 803 1639 465 1192 306 358 	95
1197 2458 2248 1011 2259 1307 2745 600 1229 1271 2249 2233 2228 1361 	95
2534 2791 500 1891 618 3003 509 641 1928 668 2522 	95
970 869 1646 2487 940 1117 2499 2237 849 873 834 	95
620 169 1150 703 2417 1735 618 1282 2418 1337 1672 2303 	95
6 47 1669 34 39 57 29 75 47 3 	95
228 1955 419 972 350 1962 1007 327 449 	94
270 230 367 2711 278 280 208 1602 1652 2584 214 1641 2707 376 319 285 267 	94
1043 1063 1103 1046 1032 1112 1039 1069 1028 	94
3031 84 2781 3056 2466 2839 2840 2830 2341 2983 78 2878 	94
3020 87 1061 3027 2801 1103 1053 2609 	94
2057 2096 2359 2613 2053 2363 3102 2029 3098 2064 2107 2041 2081 2095 	94
2833 2781 3112 2840 2878 193 2826 2829 2839 	94
1334 331 877 907 242 1015 208 	94
788 833 994 403 757 2323 2484 880 908 883 	94
20 88 2840 2828 58 2878 1723 34 24 5 1688 100 1 1692 37 73 1728 	94
2293 811 2308 1218 2286 2421 1242 1237 	94
318 242 225 206 468 768 1667 393 	94
2839 35 3052 24 2781 5 189 148 2832 2878 39 89 	94
1394 341 492 2421 1409 2552 1159 2435 2926 2251 1216 2445 	94
2831 2838 2641 1212 2846 2420 2079 189 1249 2220 2338 	94
604 616 2788 494 638 474 499 2525 1885 525 724 745 	94
487 514 639 520 688 725 2790 613 	94
2415 2223 2785 2347 1387 2561 146 1269 2423 	94
920 812 379 333 999 457 336 1958 284 1371 256 795 275 	94
2829 3114 3112 2837 2839 2876 2874 5 2895 3056 3112 	94
441 265 442 3051 351 404 391 1651 266 3119 2816 295 3046 1650 	94
3014 1353 2238 1572 2225 2418 1011 1185 1403 2261 2229 2266 1203 2236 2288 	94
1057 1053 2609 1106 1026 1110 1113 	94
1329 1292 2254 1336 2302 1201 2508 1175 1180 1307 2248 1412 1389 1214 113 520 	94
1018 924 835 984 979 980 1367 2312 	94
2542 2572 259 424 2984 220 338 463 405 319 255 	94
104 29 1690 2836 75 148 31 2757 18 80 20 2511 163 	94
213 447 290 874 224 435 455 2444 2766 1605 387 1623 376 375 1630 	94
1995 2372 2699 2099 2044 2057 2037 2156 2886 2089 2157 2698 2659 	94
1615 2816 339 2588 1970 2420 1641 2552 454 298 2555 369 	94
732 652 635 559 2865 502 2789 1892 518 551 2517 	94
966 383 2814 218 962 230 375 1609 319 291 	94
632 650 509 527 2793 512 2795 1920 525 739 1890 2532 2999 628 2924 728 2791 2792 	94
552 492 1899 733 639 482 738 1892 597 504 	94
1183 1225 2258 665 1193 1194 2288 1388 1355 	94
1991 2041 2374 3093 2155 2044 2889 2035 2055 	94
2840 58 2828 3110 1 1670 37 	94
512 574 661 634 553 483 501 477 577 712 	94
1032 1061 1026 1087 1043 1102 1039 1091 2800 1086 1037 2799 1044 1032 1028 	94
1589 175 2380 1519 1482 1570 1473 2382 2880 	94
3056 3058 2878 2879 3061 5 2839 73 3068 38 	94
164 2883 2839 2837 2828 2840 60 3056 37 1 1692 	94
2879 2926 2561 2831 2842 44 2826 1693 2846 2561 78 89 	94
573 669 525 1920 2786 498 741 1899 676 	94
2495 1019 974 988 852 790 785 847 1230 	94
801 898 1010 1242 772 883 1367 1020 874 816 	94
2018 2839 56 2840 2826 2341 5 25 1 2781 	94
852 379 2762 2567 2768 450 1630 800 1958 454 319 1946 	94
2005 2376 2109 2022 2081 2133 2615 2623 2025 2736 2080 2142 2146 	94
1083 1107 1041 2777 1062 3017 1098 1061 1047 1108 1087 1059 2609 1066 1076 1053 3029 	94
196 1355 1522 1238 1283 1174 1381 1358 2248 2464 1268 1279 1189 906 2271 1325 2245 	94
1297 2283 1295 2235 1554 1230 49 167 	94
546 624 565 713 570 495 602 	94
878 776 829 953 318 888 1371 	94
271 2762 251 264 222 2704 208 1603 2416 	94
1575 1518 1198 2379 1519 111 1541 1558 1586 	93
1670 80 1671 2465 1 11 78 21 1689 14 104 1742 22 29 24 1718 75 11 	93
2652 1989 2657 1987 2114 2662 2087 	93
2893 1798 1770 1773 1871 1781 1833 1751 1867 2716 1865 	93
639 561 477 615 481 499 1928 1903 485 	93
195 2509 2836 2018 2774 189 24 2827 2927 	93
1133 62 2786 1354 39 2734 1273 2347 	93
2220 2235 2786 2021 29 1496 2223 	93
2018 2021 2780 104 2289 1166 39 	93
551 591 2995 2999 3004 699 2868 523 	93
2129 2109 2649 2029 2652 1989 2946 2619 2122 2671 3094 2036 2083 2947 2616 	93
413 1653 2577 301 2560 409 351 425 2767 1600 239 1628 1610 	93
2923 3063 3031 3128 2876 2830 3109 2879 	93
1153 1145 2280 1581 1564 1011 1176 	93
1026 1039 1080 1032 1029 1058 1030 1031 1053 1028 	93
204 1585 787 899 931 1271 992 987 2484 768 917 846 1240 	93
1176 2301 1217 1277 1383 181 2267 2239 2272 1121 1318 681 	93
1988 2121 2094 2029 2698 2128 3093 2147 	93
2989 49 2311 1381 332 2418 2288 2021 316 2940 1305 1142 	93
41 47 2347 89 2420 1133 29 2835 78 14 2774 	93
2064 1987 2109 2371 2048 2106 2127 2098 2099 2618 	93
348 291 358 212 821 391 245 	93
1183 2246 1175 1277 1327 1153 1349 2033 	93
2417 1148 2329 1244 2320 1318 480 1262 2264 1399 2271 	93
1223 817 1412 806 133 793 772 769 1179 926 	93
106 1409 914 1264 531 1214 2991 40 2456 2989 	93
2994 725 659 2525 500 636 2795 609 2792 526 2790 668 1895 615 753 2791 618 2789 	93
2022 2736 2114 2699 2058 2243 2099 3094 2357 2031 	93
2622 2737 2037 2058 2068 2083 2887 2117 2100 2074 1990 2095 2031 	93
1949 438 941 439 879 987 946 940 976 435 	93
2036 2669 2034 2372 2648 2094 2950 2148 2655 2053 2649 2029 	93
847 445 316 868 769 178 973 873 2323 1332 1007 969 928 883 786 880 801 	93
2838 3056 104 80 2826 138 2781 2829 6 2989 43 	93
3000 746 676 498 2863 753 2996 706 2994 487 1932 509 3004 481 665 695 500 	93
3007 1896 2789 1923 1899 3005 2994 	93
1978 1724 3106 3110 162 2900 2975 2781 2885 2974 2878 	93
781 758 240 834 382 861 257 	93
2318 1120 1338 1133 1142 1176 2415 2267 	93
285 253 314 359 414 133 2562 	93
1128 1363 892 805 2487 949 1019 1211 179 981 775 	93
350 341 844 975 999 410 408 872 	93
1026 1028 1083 1043 1069 1027 1076 1032 76 1039 1030 	93
2018 1719 44 2774 2347 2787 39 71 41 11 2896 2780 2508 2880 	93
1057 1097 1032 1079 1098 1070 3029 	93
840 936 1006 907 855 408 913 	93
34 2838 5 61 6 2840 68 2826 26 	93
391 3051 392 2561 2551 962 378 301 387 2918 242 	93
901 912 2476 952 852 308 309 920 	93
865 2248 2227 1420 1387 1307 1271 	93
2613 2089 2370 2038 2624 2105 2008 2736 2091 2357 2674 2004 2125 	93
823 1002 178 1287 994 1204 950 374 2545 906 1957 1291 2312 1312 	93
3114 3032 2829 2881 3063 2876 3106 2875 2895 	93
393 265 1017 225 297 2823 438 2818 2416 2783 346 402 341 	93
2051 2022 2040 2073 2159 2024 1988 2087 2025 2036 1994 2031 2162 1991 2038 2053 2057 2138 	93
558 495 741 538 536 511 527 479 583 480 	93
388 209 2434 2547 2556 1603 2555 2571 2564 	93
24 31 1702 38 11 40 34 	93
11 1716 39 18 3 104 75 29 2468 	93
615 501 636 614 637 638 639 640 	92
482 598 551 1923 728 480 1939 	92
2157 2066 2064 2111 1997 2023 2351 2052 2100 2356 2127 2134 2117 2034 2121 1993 	92
324 467 924 951 858 879 1149 	92
222 282 798 1650 209 318 295 1599 311 330 2711 310 253 226 230 391 2580 410 288 	92
1991 2064 2022 2029 2034 2887 2028 2045 	92
480 2456 196 1129 76 2460 2926 104 	92
1541 3042 205 2392 1493 1476 1579 1531 	92
1382 2783 250 3120 346 2555 405 3051 342 1963 	92
1102 1072 2796 1089 3023 1048 2799 1082 1077 	92
771 249 471 833 784 358 366 874 	92
2949 2698 2352 2659 2649 2028 2136 2085 2658 2654 2653 	92
300 1333 947 455 785 787 305 811 	92
819 1009 799 825 1361 327 1380 1406 	92
3016 1065 2796 1107 1029 3020 3017 1061 3028 	92
288 462 230 1666 418 2762 1614 	92
1028 1043 1047 1102 1110 1027 1069 1029 1092 1110 1065 1026 1032 2799 1046 1076 	92
1102 1027 1042 2799 1044 1032 1030 1103 	92
2981 18 80 1716 1673 6 76 1 	92
2345 18 89 21 24 2333 6 2844 	92
367 2821 1950 259 215 418 1616 255 2553 417 2561 392 2783 346 	92
76 38 36 1714 35 75 1696 	92
2128 2162 2061 1988 3093 2021 2043 	92
857 385 2808 302 1660 1610 231 824 	92
2934 291 404 2585 2980 1319 2560 345 2808 304 2553 1644 299 2812 966 375 473 2810 	92
741 574 2789 509 2869 542 2517 602 1929 2917 604 549 613 634 685 531 2790 	92
2640 2720 1735 2695 74 2681 122 	92
2028 2932 2101 2370 2139 2099 2065 1991 2054 2058 	92
444 897 1599 392 438 228 1665 1600 	92
1293 1307 1265 1325 1145 1397 1380 	92
600 2264 2271 1419 2261 1163 1311 	92
3013 1889 3010 2917 2868 1928 2517 3005 623 3001 2998 727 3002 	92
89 3066 2831 3054 71 3112 2838 3068 2839 	92
3046 296 1974 329 218 310 393 443 350 464 1955 2822 415 273 242 387 282 	92
1892 645 1895 2999 698 2518 475 	92
442 913 408 443 1661 1018 795 818 846 256 972 397 1340 410 1023 246 	92
2842 2927 2955 2957 2827 2989 2683 2833 2961 	92
2874 2828 102 2844 2778 89 2781 	92
1241 2508 1529 1399 1272 2221 1329 1516 	92
640 561 635 477 2795 698 577 643 641 565 569 487 	92
6 2781 1978 5 100 2840 3061 1 18 37 2885 20 2839 2002 2981 51 2781 	92
2810 415 426 1642 2808 2783 418 2980 	92
2826 2926 2833 2785 189 2871 2839 3055 2832 2966 3066 2928 76 2990 2831 5 	92
1329 113 2308 2280 1249 1348 1221 1152 2221 2282 	92
897 1116 825 781 2265 2493 1340 961 1128 1145 956 	92
340 209 382 1639 2783 330 2551 	92
36 44 79 10 102 34 39 11 5 1703 20 	92
417 944 245 261 757 447 951 2965 	92
426 326 1607 1966 2822 2561 354 295 2918 304 2812 	92
9 2508 2018 197 1735 104 20 1691 2831 14 2774 	92
2069 2663 2046 1991 2661 2054 1998 2949 2698 2157 	92
288 1641 439 2762 433 1616 284 2820 228 1637 3047 340 2922 240 1618 375 	92
480 1170 1137 1387 2308 1218 1297 	92
2426 39 2423 2229 2420 2508 1281 2260 2250 2414 261 2347 2349 	92
196 72 11 2831 10 31 2772 1672 20 41 193 2018 424 74 2347 	92
2114 2372 2888 2058 2351 2030 2095 3094 2151 2371 2025 2622 2614 2027 82 2143 	92
24 1688 102 24 10 136 18 38 21 	92
2430 41 104 196 31 2513 10 	92
2591 1894 1886 483 476 751 489 630 685 1919 	92
209 213 239 264 300 237 415 	91
1056 1085 1044 1032 1031 1048 1027 	91
816 348 240 1017 412 414 263 931 298 	91
549 2538 611 492 738 1892 557 600 538 1915 591 485 742 690 1895 	91
1245 2416 954 2266 2321 1180 1269 1207 1339 1197 	91
2797 1066 1054 1043 1051 1089 1044 	91
1039 87 2796 1054 1030 1032 1027 1042 1043 1026 	91
213 445 399 379 252 897 2566 1654 1600 951 429 	91
642 3013 2517 2917 3011 2868 1928 3010 3001 	91
2085 3094 2088 2008 2090 3098 2041 2096 2131 2042 2058 2698 2132 1999 	91
2257 1343 1183 1295 1221 2234 1189 2268 1232 2423 1174 548 2241 	91
2788 609 504 2864 750 637 596 2790 669 565 599 2866 1895 1892 	91
1100 1027 1092 1043 1077 76 1039 	91
2018 47 20 84 10 76 2896 2347 39 104 11 1735 2018 2774 	91
2699 2029 2027 2089 2070 2030 2129 2887 2626 2119 2064 	91
2618 2031 2625 2364 2124 2034 2019 2887 	91
1434 2805 1431 1437 2804 1426 2807 2803 1436 1423 1431 1435 	91
408 1946 859 1957 941 232 792 941 443 214 394 259 757 869 1966 931 818 	91
1076 1063 2610 1065 3115 1073 1077 1100 	91
3056 2831 3057 2840 61 26 68 2830 1697 2983 3060 2838 2833 189 3059 2830 2840 2878 3055 	91
2020 2696 2887 2620 2627 2889 1988 2022 2363 2030 2139 2022 1990 2034 2053 1991 1999 3103 2005 	91
75 2474 2 6 4 164 18 80 75 37 	91
641 519 1940 2790 479 546 625 1899 2522 602 	91
976 261 1008 438 337 808 1371 	91
891 763 964 849 815 1210 2494 868 967 438 936 1253 	91
2087 2019 2093 3090 2116 2030 2056 2090 3097 	91
2556 369 461 2639 454 209 377 	91
857 2980 459 1315 392 1608 879 335 344 1610 1659 949 331 3046 261 1631 302 1621 1634 	91
1054 1039 1083 1043 1073 1032 1038 1028 1075 1027 	91
291 2933 1662 2561 1622 2549 355 1634 353 2783 2570 1600 215 	91
237 389 1610 1625 446 212 382 209 332 2766 302 215 2704 274 	91
2839 1677 3059 11 89 5 2830 100 2883 2878 2018 189 	91
2838 1716 3056 41 2840 2839 2826 1714 3052 5 20 3055 1729 2878 1695 2832 24 189 	91
378 2820 287 434 2576 376 353 	91
1062 1054 1027 1041 1038 1026 1039 	91
466 1656 1600 214 286 1634 443 343 	91
2965 448 3051 384 2782 367 1600 2570 251 376 289 2810 208 358 2808 1947 	91
283 282 237 285 1646 324 2709 	91
2625 1999 2034 2076 1996 2041 1997 2147 2084 	91
303 784 473 212 1010 1142 299 	91
1011 1237 2437 1342 1709 1180 2420 	91
2267 1210 1372 2228 1517 1134 2464 1162 2235 	91
2030 2152 3099 2033 2031 2888 2118 2064 2081 2114 2057 	91
1562 2294 2319 1412 2245 2749 1355 	91
389 860 2980 435 365 1641 468 949 285 332 252 455 2820 	91
109 1123 2603 2382 1311 1470 1547 	91
345 2812 335 2762 251 2583 1666 469 2712 399 	91
307 1652 285 439 2568 2434 2765 318 378 230 	91
38 70 1976 1714 3 100 4 1980 28 34 12 2334 1984 75 	91
11 83 1669 29 34 1742 102 1671 2466 104 1712 31 	91
1986 2112 2019 2135 1720 2004 2026 2368 2148 2048 	91
2555 303 2561 232 2448 252 2572 1604 258 2562 	91
2248 681 1579 1352 1181 2300 1286 2301 1365 1292 2229 	90
2358 2130 2022 2243 2041 1996 2084 2365 2158 2008 2148 2004 2099 	90
2034 2094 2626 2023 2097 2697 1720 2064 2008 2085 	90
2768 1654 257 402 1610 1625 1606 1656 1634 338 405 1602 282 	90
2810 1633 2741 1617 274 463 423 433 	90
1834 1841 1870 1770 2175 1858 1751 1808 2892 2181 158 1807 	90
1964 2812 2711 320 977 252 2965 343 897 242 470 2584 2429 222 415 257 226 1618 	90
477 619 509 3009 2792 604 549 	90
637 558 1893 487 556 499 496 2517 577 	90
637 1925 638 653 2791 685 3007 1896 500 677 1899 2862 2994 	90
358 398 429 230 2559 428 1007 342 1634 2709 1951 3046 1632 3048 2812 2814 	90
1062 1042 1032 1028 1046 1102 2799 1052 1032 	90
41 2349 1212 2417 2414 2235 1308 2420 39 2228 1315 	90
48 2460 1403 1277 1101 1357 1145 2260 1277 2329 1288 1354 2249 1165 	90
2423 1420 2261 802 1375 188 1216 2228 1126 	90
1496 2838 2641 2846 189 2449 3055 195 2990 	90
2839 70 2512 25 6 15 5 64 80 75 2781 1692 2018 	90
10 2430 2508 2426 2842 71 104 2018 2420 1735 2347 	90
1666 350 426 246 224 226 363 929 421 453 818 2606 	90
2831 2827 2926 2959 146 2954 29 	90
2693 520 2449 358 1338 2415 2235 1328 2420 1120 	90
954 1278 977 902 927 940 261 292 	90
29 2961 2959 39 2721 2985 2769 2679 2987 2780 	90
2922 244 2762 379 855 286 426 466 364 1025 1658 	90
2812 275 1649 2706 784 278 3154 	90
2999 680 499 1891 576 676 487 	90
482 528 2917 3013 2866 2865 1938 729 639 682 705 604 	90
1160 778 808 1230 1013 845 1190 1149 967 	90
948 848 806 1158 313 801 958 308 309 923 2487 	90
2792 582 2865 583 2864 648 647 2791 670 2795 513 527 2230 3007 2789 643 	90
2841 12 44 2780 78 10 2831 1673 1674 2824 6 2505 	90
2866 708 1928 727 634 2788 722 640 	90
934 371 275 1334 816 998 3119 403 	90
2885 2781 2872 2981 1 2840 37 2828 5 2839 1 60 2883 21 5 1742 34 	90
2421 2239 2160 1239 2262 2220 1130 29 	90
1231 2482 993 1306 778 133 1011 1300 1020 1145 1118 783 	90
2922 909 245 420 215 1623 2576 	90
2079 1152 2421 1155 2320 1181 1313 1225 1392 2225 2926 1163 1709 	90
2555 290 224 1610 241 1634 2434 	90
2739 2567 2540 2561 435 388 215 231 2572 	90
954 1190 1180 2033 1244 1341 1414 1329 774 196 1356 480 1150 1406 1200 	90
442 434 234 962 282 451 280 	90
1604 1120 344 2555 2349 1964 2785 	90
2033 2284 2270 2315 1246 2257 1396 	90
1102 1064 1103 1078 1028 1031 1032 	90
2555 345 1599 223 2558 361 2556 332 202 2545 216 431 422 	90
639 675 509 1928 558 1942 635 	90
2840 2830 2758 44 80 1714 89 65 2883 73 59 2839 	90
3012 497 1938 548 3011 716 519 598 2997 1891 509 558 2795 1892 561 	90
820 895 1291 803 787 978 1340 904 845 1363 	90
5 2871 3088 201 3068 2878 67 	90
1649 1611 376 314 1648 1955 454 425 420 384 209 1653 	90
480 29 104 2463 10 74 11 2348 47 41 2338 1672 2003 	90
196 2241 1672 1281 2338 1572 29 2746 2420 41 49 11 2315 2272 2346 2229 	90
956 207 848 915 307 776 958 439 296 770 	89
1995 2005 1998 2064 2143 1996 1991 2116 2057 2056 2144 2023 1987 	89
480 39 22 29 10 2420 2347 11 2424 104 	89
497 1899 2786 591 1921 2789 590 525 	89
5 3087 3060 1733 3054 2826 3056 2465 3058 6 2830 	89
2620 2162 2625 2372 2623 2028 2029 2887 2087 2370 2355 	89
3100 2080 2019 2054 2155 3097 2066 2105 2362 3089 1987 2142 2373 3093 2127 2052 	89
3151 2842 3152 3149 2989 2953 2957 2956 	89
2222 1247 2260 1273 2734 1143 1126 2940 	89
480 500 549 517 570 495 492 511 717 489 1886 638 	89
2106 2047 2887 2097 2628 2363 2082 	89
2863 481 2792 580 3007 2995 665 	89
2135 2887 2117 1994 2027 2052 2055 	89
2420 1966 2550 381 1600 1142 2561 272 339 265 387 401 2555 302 2560 229 2783 	89
270 469 786 244 230 1973 315 	89
1947 367 224 292 966 454 2444 421 1182 	89
20 89 1 68 2839 2872 2781 164 24 2840 2885 2899 43 34 2982 2839 67 	89
354 1615 910 391 2812 1284 272 	89
1739 2267 906 1721 1122 2438 1376 	89
1364 178 1361 1186 865 847 1405 1403 806 946 333 915 	89
2936 1205 830 3015 760 2248 261 	89
1089 2796 3115 1058 3017 1074 1075 1048 1090 2609 	89
1899 689 632 686 690 2999 537 2789 743 1938 572 1903 3006 682 	89
635 593 2997 673 3006 519 3002 663 632 654 701 2525 	89
1658 320 3046 364 292 2568 239 3050 1958 1974 	89
779 934 1145 868 768 1291 2497 	89
230 298 1599 1127 339 285 299 1638 361 262 263 2569 212 216 397 2965 231 	89
2231 1580 1301 2248 600 2272 1011 29 	89
2824 80 4 6 1715 75 30 2841 148 8 100 	89
425 353 962 194 2704 274 2576 285 379 1007 	89
107 6 21 59 30 57 18 2872 1692 2839 85 21 5 18 2828 1696 	89
555 501 636 527 736 638 675 634 510 1938 502 632 596 603 2786 	89
272 776 1954 937 307 760 936 913 773 925 	89
294 912 905 881 761 1608 903 	89
842 2493 2247 2263 760 2284 825 2476 	89
2781 2840 3032 2875 5 2885 2474 2828 	89
971 2497 2501 850 987 1242 2479 	89
2830 5 89 3065 2781 1696 2778 	89
2990 2423 3060 1696 2940 2785 78 3055 	89
844 345 1624 213 824 274 236 1639 471 	89
39 1690 2836 2843 34 41 20 6 97 2840 1711 75 2512 2836 145 2843 80 	89
456 285 216 342 220 2570 262 264 1600 443 222 1605 265 2578 	89
1677 1709 34 2982 2839 71 2508 2982 	89
2353 1996 2372 2064 2104 1991 2157 2139 2034 	89
1289 29 1522 2311 2273 665 1135 1909 2248 1383 2329 1389 2421 1545 	89
14 37 57 80 2824 1 1725 67 2335 8 35 4 2504 	89
525 512 490 2790 2538 546 643 700 487 	89
335 976 2541 788 2483 403 181 	89
2781 2874 37 2504 2836 5 6 2828 76 20 2872 	89
583 1941 1899 2535 539 478 2517 497 	89
2831 1697 189 41 1692 2825 1721 5 1676 2846 2835 1691 2508 20 2787 2018 1699 2839 44 	89
86 2018 20 80 1721 2468 2508 73 34 1690 10 	89
2811 448 1668 238 242 338 1607 382 1606 287 3046 	89
2149 3093 2131 2048 2005 2124 2107 	89
2325 2388 1123 1368 149 112 1547 	89
232 1608 1666 3046 834 381 335 2965 1610 445 328 215 263 355 223 	89
1211 1372 1282 1337 1216 2220 2259 807 146 1285 2746 856 	89
707 1899 634 478 1938 2788 1944 615 558 519 2794 525 2789 475 2791 	89
559 537 2866 552 2786 749 2791 526 578 	89
2230 496 527 1899 532 634 499 677 2788 504 701 1906 	89
2230 496 527 1899 532 634 499 677 2788 504 701 1906 	89
1135 1275 1170 1401 2311 2245 1183 	89
1385 1409 2431 1266 1159 2436 1304 	89
204 383 769 335 1116 775 1002 962 774 305 1963 468 	89
3093 2357 2061 2036 1991 2030 614 	89
2163 3098 2058 2005 2123 2040 2611 2101 2736 	89
2928 388 104 2926 74 2966 2846 2038 3055 41 	89
2691 3055 3136 2990 2961 3052 3149 3137 3151 	89
520 488 517 474 509 475 2521 753 493 575 1937 584 	89
2492 1268 112 780 2290 791 987 1327 	88
583 692 542 1927 497 575 505 	88
2021 1191 2432 2348 1676 1281 675 	88
2698 2353 2004 2057 1988 2029 2133 2616 2023 	88
519 508 2792 610 1892 675 1910 735 2788 648 643 	88
2106 2005 2131 2119 2133 2624 2618 2626 2373 2117 1998 2112 1989 2034 2364 2066 2614 	88
212 366 399 376 910 232 2703 1599 306 410 458 230 447 308 309 	88
2609 1062 1081 1084 2610 3018 1057 3016 3020 	88
527 3001 2793 2997 3013 1938 512 	88
2080 2066 2624 3093 2146 2058 2353 2696 2619 2159 2022 2034 3098 2030 2044 2165 	88
665 2229 2561 2786 2311 1250 2347 2991 1132 2303 424 104 2508 1292 	88
671 2788 722 747 1892 500 1938 734 565 524 501 482 2525 528 	88
2018 1261 1346 424 167 1382 2423 2226 1180 2283 1284 	88
26 2883 1 2981 5 34 1980 80 	88
129 2849 2211 132 1838 2850 1834 1837 2857 2175 	88
1037 3025 1087 1053 3019 1044 3018 1107 1066 3016 2798 3020 1081 3025 2609 3023 	88
2924 521 492 498 3006 602 3085 2863 1938 593 720 3005 492 506 2917 600 577 635 	88
1766 2194 1826 2189 1776 1778 1839 158 	88
2882 164 18 37 2333 6 75 2897 2332 80 5 	88
920 1599 331 253 295 216 757 290 312 	88
1417 1379 1271 1153 1329 29 1272 1245 1580 	88
668 519 632 525 542 487 2523 676 491 490 482 	88
1004 412 1010 1116 1364 885 963 	88
1995 2659 2105 2089 1991 2060 2622 2697 2029 	88
1638 432 349 399 242 408 421 	88
2556 230 2574 2919 2555 362 1607 290 	88
3122 1142 2785 1628 2572 454 2555 	88
501 684 643 2788 539 632 2869 482 2790 1891 2868 2786 683 497 1903 597 634 1893 	88
2328 1145 1268 906 1002 2254 987 	88
1635 451 1643 3119 2570 2810 1969 3046 256 440 1658 1634 382 1625 	88
2365 2155 2162 2158 1985 2010 2097 3096 2130 2062 	88
2243 2324 1370 29 1406 1153 2244 681 	88
456 2556 1264 2639 2606 270 2816 213 	88
1006 1600 462 1619 463 420 440 270 810 216 423 	88
2755 2680 2726 2690 191 2750 2725 2720 2681 2728 2695 2722 1743 2961 2687 	88
1623 2808 372 439 241 1264 234 758 	88
653 1298 1301 1496 1126 1350 1307 1331 48 2499 2294 2228 1409 1134 	88
5 89 10 3067 2018 2512 31 2781 2989 	88
675 168 2278 1579 774 2289 2503 1365 1379 1241 1216 	88
1003 1291 868 203 933 997 974 	88
2875 1704 83 18 2828 89 2879 1 1733 	88
2555 2557 391 2580 2552 1638 262 261 243 2420 2429 	88
2419 2446 1086 2439 1261 1286 424 	88
230 299 1607 383 411 1964 439 2934 2555 	88
1405 395 1243 778 1146 316 997 1643 	88
2417 1713 44 1281 2989 189 2928 2508 	88
437 932 1182 423 248 258 416 1600 	88
492 504 625 2790 527 517 697 638 487 	88
3031 3107 2883 3059 3106 3059 3088 	88
946 207 956 317 452 895 232 792 947 380 358 291 350 308 309 962 977 	88
2576 230 223 379 2556 330 3051 1660 370 2574 	88
2060 2620 2131 2010 2064 2028 2057 2071 1995 2139 3093 	88
493 591 487 1939 542 2519 640 722 551 	88
1945 282 265 804 453 1639 257 1628 426 443 447 262 	88
400 2584 2434 897 1631 1315 376 270 414 242 286 352 315 428 327 	88
1580 1346 29 437 665 2430 2318 1252 1264 1335 	87
2481 765 1184 987 991 776 1022 	87
2037 2698 2083 1995 2139 2034 2101 2737 	87
600 2447 2249 1337 1390 2302 1169 2021 1181 1217 1581 1392 2229 2231 1354 1210 1150 	87
1845 1854 1773 1868 1800 135 2017 	87
2959 2827 1137 2842 2833 2957 2960 2508 2692 	87
2839 2778 1 2781 2981 20 2840 2875 37 50 28 21 2839 	87
263 771 329 777 942 2480 3014 	87
1668 346 2808 336 2810 470 1657 	87
2376 2157 1991 1995 2121 2698 3100 2009 2004 	87
2488 2237 899 1003 2480 313 335 1395 	87
1027 1093 1026 1035 1102 1055 1043 	87
44 78 12 2839 2841 20 2512 6 104 1673 2018 20 1708 2774 6 47 2018 24 11 	87
2345 21 24 2333 80 5 2873 6 75 37 	87
2440 2248 1522 1225 2449 2420 2506 1193 1194 1166 1235 2229 1147 2347 1335 	87
2878 83 3052 2781 2838 189 147 2832 2839 11 89 	87
49 372 2552 2021 228 2938 1971 2250 2426 1496 	87
209 328 2785 456 2776 457 370 	87
2698 2623 2025 3092 2614 3094 3096 2034 1987 2116 2132 3091 3098 	87
1942 694 2790 491 2525 485 650 2865 2522 632 569 2795 484 3007 2786 	87
1676 2305 2456 1384 2421 146 2226 2260 1337 1180 675 	87
2347 2769 2827 2688 2831 2962 2683 2954 2958 2842 	87
807 1325 196 783 1121 1207 2038 1343 1413 2245 1409 1131 520 	87
1 6 5 1977 2871 18 1984 2878 1684 2468 1696 2781 93 89 164 5 1718 2830 2874 	87
453 2785 225 1610 962 400 2548 377 439 2821 457 288 409 	87
2981 1731 1742 2874 2883 70 80 	87
1091 1044 1027 1043 1039 1045 1032 1093 1049 1046 1030 1042 1028 1054 1027 1079 1039 	87
971 1006 840 1007 215 891 380 	87
44 2842 2829 2508 2018 2926 10 78 	87
2587 272 2919 472 2980 1610 439 	87
2776 238 2785 389 320 259 357 426 326 2816 457 	87
2781 18 2830 2878 13 140 2839 2873 5 2339 89 0 2781 3112 	87
445 1197 1118 897 2285 1320 906 1017 	87
1277 2224 2260 1283 2231 1323 2257 2277 807 2426 480 1183 1295 1300 	87
2655 2137 2159 2138 2647 2352 2149 2036 2887 2672 2146 	87
2257 1220 977 1354 1375 1247 1132 2251 1183 1211 520 1121 	87
152 954 480 1331 29 1406 965 2316 	87
1628 212 439 257 256 254 1605 1599 347 339 2762 351 340 376 345 	87
802 1277 1383 1224 2234 2287 2033 	87
104 62 31 3 2338 104 388 71 74 47 1735 64 	87
1713 480 1354 41 196 2299 2136 39 1396 1496 	87
442 212 381 242 204 2741 359 	86
1892 2788 626 2786 504 634 477 525 487 519 1899 1892 663 2792 1896 490 	86
2709 423 330 327 277 1650 212 1956 292 1608 1142 1638 471 372 	86
658 497 1931 505 2790 619 1892 1919 	86
1389 2018 2508 2774 75 6 2347 1719 2827 189 20 37 	86
242 443 301 2762 284 1624 2820 243 257 1662 1616 	86
3009 574 2997 688 519 2998 647 2795 3005 644 2866 	86
2041 3098 2064 2157 2044 2110 2028 	86
1318 196 2259 2296 1389 1365 2220 2299 2302 1283 1420 1391 2235 1413 	86
2793 531 2924 1942 694 634 691 2795 	86
2846 2826 2838 2966 145 2572 2018 	86
2369 1989 2022 3100 2615 2629 2133 1999 3091 2376 1995 	86
3031 3108 3063 3054 3062 3106 2879 3031 	86
2415 2136 2552 1255 2267 29 2440 2347 2452 2457 1144 2417 1394 2549 1166 	86
330 1269 1350 1204 2421 1236 2439 	86
2659 2116 2633 2123 2064 2626 2007 2365 	86
1026 1101 1027 1043 1111 3023 1040 3022 	86
2423 2228 3146 1182 1580 2508 194 	86
949 966 797 266 255 471 928 972 913 1268 931 365 1627 810 	86
2808 2819 2984 2820 428 2979 1634 1600 	86
2930 2415 2034 2053 1994 2901 2136 2101 2029 1991 2050 2040 1999 	86
1034 1075 3023 1065 3125 1028 1062 2796 1032 3019 1046 1043 1045 2797 1069 1033 1042 	86
2540 457 313 2808 321 317 378 312 373 	86
2420 3055 72 2831 2940 2871 2838 2637 187 2990 2991 1735 681 1672 3055 1678 	86
1140 2561 1235 2228 2457 2234 2940 241 1237 2643 2260 2552 	86
2774 11 44 2018 9 10 2842 2347 	86
1063 1043 1038 1032 3023 1091 2796 1039 1092 	86
1769 2214 1854 2848 129 1798 1766 	86
593 522 632 1934 1888 2788 711 551 737 1891 1943 2786 656 549 569 635 	86
6 44 100 2774 80 47 2781 	86
282 1264 1009 894 351 926 869 978 412 1309 447 2501 1136 761 	86
1300 1345 979 980 836 835 305 	86
3055 2839 2966 2838 2846 65 189 2871 2826 	86
1600 2457 302 222 1628 3051 460 1603 211 1647 2762 	86
20 50 67 2830 6 1722 80 136 8 	86
1141 2251 1214 2231 2330 1147 1151 1210 2079 	86
2429 222 270 307 278 215 2441 308 309 389 242 1264 1624 251 458 2581 441 	86
2876 3087 3054 3056 2879 1681 3056 14 3054 3110 2894 3109 	86
208 1631 938 432 249 178 768 266 	86
3098 2028 2058 2376 3094 2046 2037 3101 2154 2048 2009 2034 2366 1988 1987 	86
2839 37 3031 38 89 2883 3086 2878 2845 5 2830 	86
1942 2790 475 487 582 2516 2865 525 615 635 2791 	86
2576 922 2940 2495 3124 241 3105 1304 2636 1391 3133 2298 2428 	86
1003 819 762 1001 983 2256 1257 845 977 825 844 1306 	86
302 2551 367 1599 385 2918 306 2561 473 350 202 400 442 2555 	86
2116 2057 2667 2105 82 2364 2029 2659 1992 2932 2759 2116 2064 2134 2083 	86
2531 1928 748 492 1891 2924 558 3004 3013 538 535 536 3001 1938 547 2917 511 2792 2997 	86
2900 33 3106 2923 1 2878 2975 2839 2872 162 	86
1537 1544 53 2407 1504 2903 1575 2394 	86
353 1612 451 2984 436 2782 303 409 1972 3050 403 220 	86
22 1687 10 2430 47 39 146 31 29 	86
483 526 539 538 576 577 591 736 1914 504 480 738 583 	86
1467 2377 176 1520 1532 53 1497 144 	86
1976 2333 2345 2342 164 18 31 8 	85
565 506 490 637 596 493 636 544 551 482 	85
37 93 2872 152 21 1692 2828 2839 	85
2830 2826 2988 2825 2878 14 3054 3059 1711 3060 6 	85
2897 2878 3032 16 2828 2829 2876 2837 51 	85
426 378 2862 391 2580 242 946 2762 2742 2582 434 401 335 215 248 	85
314 2820 461 2816 382 456 2762 1964 1600 	85
2303 2421 2440 29 2251 190 2347 	85
2064 2363 2089 2158 2353 2085 2157 2698 	85
2322 467 965 1153 2317 977 665 2460 	85
2022 2057 2082 2057 2373 2137 2619 1720 2658 2085 2134 	85
454 2928 2966 2838 2455 2926 1691 	85
2838 2966 2846 1672 2989 1166 3055 72 2990 2940 2831 2248 	85
146 2833 3052 189 74 2928 2449 5 47 2827 2507 2838 3055 2966 2940 2021 	85
3062 89 2830 83 12 2871 2878 2838 	85
1740 2830 2872 2974 147 5 3088 2832 1708 3112 3062 	85
2322 2310 520 1245 653 2221 2220 1325 	85
505 2519 1942 2789 2924 713 551 1933 2999 586 691 	85
2018 1388 2772 2600 2418 1257 2414 1175 188 965 	85
2997 532 665 540 2789 2791 603 2998 614 	85
39 4 73 6 78 44 20 2512 5 11 1672 2841 104 	85
2839 12 2877 89 1730 30 2838 2828 	85
6 2002 1 58 89 2880 2829 	85
2170 1769 2851 1803 1755 1765 1759 2969 	85
1027 1035 2796 1038 3020 3017 1065 1044 3016 1095 3027 3020 3018 1088 1032 3019 1057 1080 3016 	85
2150 3094 3100 2099 1987 2080 2618 2698 2367 2886 2031 2103 2009 3092 	85
941 869 787 1136 1953 969 1160 2481 	85
1111 1039 1101 1074 2798 1035 1028 1040 1046 1056 1027 	85
321 381 869 821 208 793 387 900 	85
80 1978 8 164 1685 6 2830 2001 1 1673 2841 1730 2880 2781 162 2828 80 1707 8 	85
1634 336 897 2782 429 2764 795 2561 	85
197 1318 675 1174 341 2018 40 2456 	85
424 146 104 1397 2347 39 2417 11 	85
2105 2075 2068 2140 2071 2010 3093 	85
80 89 73 3055 5 2878 2018 1724 2830 2840 80 20 	85
424 1719 2508 2836 10 39 2896 11 2780 2347 2880 2018 	85
551 508 1929 499 504 754 500 1918 1896 	85
833 412 969 759 947 206 1973 	85
487 530 602 525 505 483 708 616 	85
1094 1066 1032 1113 2777 1047 1110 1044 	85
361 2552 1648 250 1607 381 2555 230 1142 2783 2561 1615 2918 1948 	85
2613 2066 2616 2887 2163 2615 2699 2157 2026 1987 	85
1634 389 1945 2762 387 2822 418 1601 461 1637 	85
1297 467 200 1311 1198 1191 2267 358 1413 2038 1344 1232 1354 	85
2010 2165 2699 2074 2075 2624 2142 2029 2126 1996 2153 2158 2887 1720 2372 2027 2143 	85
2084 2114 2631 2048 2082 1991 2087 2886 2089 2062 2029 2054 2932 	85
1376 2277 2268 1252 2288 1290 1721 1193 1572 	85
3019 3016 1103 1038 3018 1043 1026 1085 1051 3025 3016 1032 1029 3028 3018 1112 1108 3020 	85
3151 3052 3149 2833 3152 3136 2956 1719 2985 2508 2986 2989 	85
2944 1146 457 3123 437 243 2816 	85
1142 230 1276 1948 2562 214 2586 1607 416 2560 381 2934 2709 	85
2022 2064 2619 2365 2029 3093 2145 1998 2101 2699 	85
3003 625 2790 726 2793 583 635 1899 	85
104 38 18 31 3 24 77 11 	85
196 74 41 31 1691 39 11 2338 74 29 1735 39 196 1713 74 2349 41 31 	85
212 226 2550 1604 319 397 1964 	85
0 1 2 3 4 5 6 7 8 	84
695 1389 1344 2770 1580 1215 2319 1269 1338 480 1162 665 2310 	84
6 30 80 2829 67 2828 20 64 	84
2487 112 348 815 2541 770 933 	84
2828 3061 2837 2781 51 2974 3032 1679 2839 46 2885 2834 	84
1247 2426 1672 2770 2417 1241 1135 	84
418 3119 453 232 212 2765 1964 1634 237 	84
3061 3059 2883 2923 2975 3106 3065 2830 3086 3056 1681 3063 3108 3109 3114 	84
1991 2133 1990 2696 2110 2009 1997 2366 2066 2374 2144 2046 2117 2048 3093 2376 2010 2105 2004 	84
2053 2023 2081 2019 2130 1991 2146 2020 	84
2304 2938 2245 382 2330 2430 2966 	84
2512 6 70 2838 1738 37 1975 80 83 2781 2002 5 1689 20 2837 6 1670 2874 	84
2607 1140 1142 1579 1560 2235 2021 1241 	84
519 481 2794 1943 525 610 1910 2279 2788 557 730 	84
2028 2063 2351 2659 2886 2034 2140 2667 2698 2157 2643 2035 2064 2668 2660 2044 2037 2946 	84
2235 2958 2347 2316 2955 2928 10 2842 2952 22 	84
420 250 318 286 328 364 2920 2818 399 307 	84
122 2690 2640 2016 2680 74 2750 	84
2131 2000 2010 2147 2022 1997 2064 2084 1987 2117 	84
1634 319 2741 1667 826 245 1652 2560 338 1603 	84
2875 2874 6 2974 2839 164 2885 80 6 2840 	84
2987 2953 2961 2960 39 2954 2678 	84
2131 2162 2047 2113 2073 2043 2107 2069 2041 2079 2031 2111 2085 2029 2050 	84
2744 2245 2607 2239 1401 168 1210 830 2299 1305 1414 	84
288 290 897 2812 219 224 1969 220 326 	84
2008 1987 3096 1997 2139 2105 2121 2152 2113 2054 2077 3098 2036 2698 2044 2072 	84
1271 1383 2311 1198 1381 1250 1215 2319 1226 2306 2464 2235 	84
2926 32 2417 2774 2018 2348 44 2786 1691 2831 	84
2736 2111 2626 2618 3092 2126 2031 1998 2066 2034 	84
3006 1938 492 500 2865 477 611 2994 559 	84
1126 2991 1121 1580 1496 2018 1185 1166 	84
2985 11 3137 2219 2954 2838 3153 152 3055 3152 3148 2955 22 2987 2957 29 	84
2420 2229 41 2455 1311 2260 2414 305 520 2347 2440 2228 	84
1941 2793 732 2917 497 1903 2792 1899 	84
317 2448 2551 243 2918 457 2548 	84
565 1928 587 2924 2538 1938 485 708 3004 552 2793 	84
89 12 26 34 28 37 6 80 2877 2781 1 2872 5 	84
2096 2698 2130 2361 2037 3127 2141 2122 2025 2044 2029 2619 2041 2047 2371 2077 2615 2004 	84
812 2808 1003 820 2543 462 975 881 1209 	84
104 2723 2960 29 2685 1695 2680 2689 22 39 42 2958 4 467 2959 2338 2017 	84
541 546 689 565 497 702 487 493 2534 504 476 477 482 542 	84
504 603 2516 480 591 734 2525 676 751 500 477 579 697 549 551 580 497 750 	84
2880 2836 2781 2840 2844 3112 2475 2871 2839 2824 2838 	84
435 2556 438 2562 2585 343 2552 442 358 2555 416 230 342 2587 	84
462 1960 1961 224 464 1007 394 1652 275 2820 467 841 376 434 	84
2951 1460 114 1445 3041 1450 3040 115 	84
298 2553 216 2585 2782 269 2587 	84
2827 2839 1975 189 2878 2833 6 2877 2018 	84
1649 2561 2575 326 2550 1950 2569 2555 	84
2561 344 286 426 472 272 2741 251 405 2782 2429 2783 	84
519 520 509 525 706 634 616 485 484 2789 529 632 527 668 636 641 	84
661 616 1891 611 585 477 1900 480 3007 1931 558 2793 2865 546 2791 752 1899 570 636 	84
2832 3031 5 2874 2840 89 63 2781 3060 1 2878 	84
2131 2107 2058 2027 2041 2040 1997 	84
122 2685 2769 2952 2831 2960 2959 11 104 2017 2831 2780 2678 2769 	84
3125 1039 2798 3017 1032 1111 3022 3023 3019 1090 1041 1043 	84
2878 1673 2885 2830 2342 2883 67 2974 4 5 3112 137 89 2018 2871 1724 2878 	84
1260 1375 1237 1011 1343 954 2315 1203 1180 531 1420 2508 2296 2233 2251 	84
1039 1086 1075 87 1027 1091 1049 1046 	84
2094 2062 2046 2047 2026 1995 2028 2034 	84
505 474 483 544 480 1943 721 	84
46 30 38 1982 3 1 34 7 	84
79 29 1683 22 3 18 10 11 	83
412 1156 1262 1017 760 795 767 816 	83
2010 2030 2071 2698 2163 2353 2023 2094 2064 	83
2376 2007 2058 2054 1991 2045 2085 2158 2034 2617 2131 2048 	83
495 700 492 751 482 683 525 494 721 747 497 753 490 601 538 496 665 	83
8 2874 2873 20 2018 1730 100 2781 145 37 1717 6 2840 	83
1777 1839 1774 1812 158 1748 2217 	83
2835 318 1321 2824 1309 2018 2319 2786 	83
936 337 908 287 444 340 1663 251 389 	83
1240 439 820 438 1018 1296 307 1012 	83
2443 1382 1249 2991 1144 2248 2449 2935 1235 1233 2283 2940 332 2415 	83
3097 2088 2130 3091 2036 2139 3096 2144 2074 2087 2025 2105 2622 2125 2886 3093 2008 3127 2034 	83
2421 1397 2260 2251 1134 1323 2282 	83
2426 2423 2464 2561 2452 211 2235 424 367 2449 2222 1315 	83
2438 2421 39 2966 1274 190 2417 	83
2672 2887 2657 1987 2132 2671 2148 	83
2105 2622 2114 1987 2022 2886 2144 2625 2039 1991 2087 2142 2158 2365 	83
2053 2085 2042 1996 2096 2034 2087 3094 2008 2044 2026 	83
1164 2260 1137 1222 520 2304 2271 2458 	83
2556 314 2552 2742 2785 367 2555 381 230 	83
1891 497 664 2866 742 635 566 3006 694 2924 509 670 515 2525 	83
897 1969 1004 321 263 932 316 272 977 	83
2610 1102 1038 1050 1043 1103 1047 3023 	83
3106 26 2832 21 20 2839 37 89 5 	83
2780 3137 2683 2842 2961 2508 2957 2835 	83
1375 2245 1193 1194 1391 29 1244 	83
3106 2837 1732 2342 5 3063 2876 3112 2874 138 31 2883 2840 2837 	83
1681 5 3067 6 2839 59 28 55 3056 2981 2840 38 3067 80 	83
3021 1035 3019 66 1049 1032 3026 	83
745 632 2517 539 2279 2795 494 549 567 1892 557 755 638 701 485 729 2789 	83
2248 2268 1193 1194 48 681 1357 2311 2503 2224 1389 1247 29 2319 783 2275 1204 2310 	83
3018 2610 3115 1079 1043 1107 3016 	83
551 1905 620 654 2786 505 2529 538 2517 1900 542 	83
1607 346 1643 212 1640 1600 1660 245 267 1599 342 456 317 	83
604 577 487 474 542 2794 570 	83
3017 1061 2796 1026 3023 1047 1048 1100 1043 1080 2799 	83
201 15 20 2468 11 44 6 1726 2781 34 	83
1987 1995 2046 2122 2029 1991 2619 2087 2454 2360 2051 2351 2887 2022 	83
761 334 212 327 207 367 903 1610 445 1613 	83
446 836 847 179 284 1003 908 973 1184 952 1370 825 897 835 987 1210 979 980 956 	83
1663 847 443 268 1666 389 935 	83
2768 381 1334 220 446 1664 212 260 2812 408 3046 1613 230 2441 949 	83
2508 189 100 2846 1692 2838 2928 3055 76 5 2879 	83
645 487 733 3013 521 2525 2795 648 534 2790 	83
2578 2944 1346 340 2783 2742 3051 	83
559 663 643 477 534 503 482 481 492 497 581 546 595 514 499 474 624 475 	83
38 80 35 11 1438 1716 2468 136 34 18 3 104 	83
527 485 1906 1927 480 690 702 551 599 	83
570 499 1884 637 678 639 583 493 2538 546 1922 636 1919 489 1910 487 	83
92 38 41 24 31 1734 41 	83
1164 876 845 887 2247 774 1011 890 	82
1735 104 2422 2235 31 1721 41 2346 2420 193 11 48 196 195 1694 39 480 29 40 	82
485 697 2791 1890 680 2795 636 2520 639 698 2917 632 669 1919 	82
2066 2138 2645 2646 2653 2654 2653 2663 2948 2886 2947 	82
2103 2945 2043 2666 2659 2950 2668 2064 2060 2660 2946 2352 	82
457 1637 249 2444 222 1639 444 1142 1010 215 2767 276 271 	82
428 251 2808 946 450 215 443 436 1610 	82
1178 261 923 910 901 1022 930 783 	82
212 1662 2820 368 2922 470 2810 223 	82
2952 3137 2846 3151 2264 3055 2961 	82
1616 391 222 786 2710 390 1637 1601 	82
665 196 2245 2423 1304 2549 2938 	82
233 981 910 809 1958 987 1623 439 820 450 903 353 888 453 	82
990 234 821 230 1316 319 1649 250 1650 897 	82
1888 2602 499 641 634 488 516 2794 652 2792 620 2595 1899 644 552 602 536 	82
2558 312 2572 279 362 2563 966 443 2556 458 2552 1205 1607 319 2562 	82
2618 2076 2152 2026 2103 2034 2628 2058 2066 2619 2025 	82
2415 2665 2028 2029 2060 2649 2625 2698 	82
2953 2956 2420 2928 64 104 2959 2961 43 2954 2958 2018 	82
1593 176 1549 1531 1530 185 1462 17 1473 1483 	82
2222 305 1266 1672 437 1393 1281 388 1365 2940 2417 1303 189 	82
364 1609 2457 1634 338 2816 251 	82
2018 5 100 2508 1711 2840 1728 3056 2878 20 1704 80 	82
18 1689 1743 79 2012 29 80 39 163 41 1711 104 6 20 1695 43 24 34 148 	82
6 2781 51 2018 1977 89 1673 0 6 2012 2781 1680 20 2872 1674 2839 10 2871 	82
2874 3032 2 2828 6 3128 2844 2839 89 2877 2511 2897 2899 2012 2840 2872 2829 	82
404 2553 432 1615 3051 2569 344 295 2808 	82
400 2767 1608 302 2814 239 222 206 	82
3096 2140 2037 2061 2034 1986 3095 2698 	82
3052 5 2846 2826 3055 2785 2993 10 2871 1701 189 74 2966 2940 3052 2833 2928 5 	82
3052 2833 2839 2871 2832 2940 2983 189 44 3055 148 2928 2838 5 	82
270 3051 283 2816 1628 3123 330 	82
652 1899 616 2795 552 525 2788 605 665 	82
2025 2101 2041 2357 2737 2886 2159 2158 2699 	82
1020 2756 1370 890 1257 1960 1961 1613 	82
2956 3153 2691 3137 3148 2508 2990 3136 2960 	82
637 515 504 729 1928 2789 737 2788 701 636 619 485 	82
1469 175 1522 2379 2393 2405 2406 1161 	82
471 396 2808 440 1600 335 206 2542 2425 2742 1619 448 384 910 	82
591 519 609 501 477 1892 603 636 594 556 509 565 500 490 2786 557 	82
2303 2309 1365 2316 2315 783 1125 2260 2270 1298 1338 1293 2508 1320 	82
2786 2443 14 1414 2774 2462 44 2460 	82
242 2569 1948 3046 355 2816 1615 2980 2553 380 2919 303 	82
2956 104 2842 3135 3152 29 3153 22 2963 2679 2987 2846 2721 3148 2953 2985 2952 2838 2954 	82
3114 2835 1706 2826 2989 2561 1742 2926 2842 89 3056 2838 	82
343 2921 966 400 1607 2573 2785 	82
1196 1329 2260 1301 1555 2315 1242 	82
2030 2010 2363 3098 2094 2072 2157 1987 2061 2034 2104 1991 	82
757 272 814 358 401 381 776 	82
3010 707 565 1938 716 508 2999 2525 2528 	82
1029 1078 1044 1099 1038 1067 2609 	82
632 2994 1899 3003 1938 727 594 705 3006 1915 2792 	82
427 2921 207 401 270 2819 411 	82
2582 249 246 1610 228 2711 2767 446 1276 265 361 242 1599 775 2703 	82
1105 1032 1039 1076 1050 1072 1102 	82
2549 361 2710 2562 389 2740 212 2571 2555 	82
499 485 497 490 480 493 582 492 527 475 482 557 522 593 565 740 517 	81
34 3 24 104 34 75 29 	81
2438 1288 1225 1283 1403 2305 1011 2270 1341 1350 1376 1285 	81
1685 37 89 24 2778 2828 2512 2895 	81
2958 2508 2235 16 11 104 2926 	81
2774 2641 187 14 107 2229 681 	81
67 3087 3059 1 3031 3062 2504 	81
2887 3098 2020 2075 2619 3092 2622 2063 	81
1337 2267 1201 2228 1380 2244 1554 1390 1576 	81
2030 1720 2029 2157 2619 1999 2052 2699 2057 2887 2058 	81
2935 424 440 3146 2268 2426 807 2349 2940 1347 2423 2038 106 	81
1968 882 285 2587 2763 1007 1617 286 1617 318 428 276 238 990 230 888 1630 	81
1138 372 216 913 261 977 758 240 373 319 882 1421 405 266 291 843 	81
1032 1026 1040 3023 1102 2796 1043 2799 	81
2406 2880 1530 2386 1538 1511 1467 	81
261 222 1649 425 2568 2762 289 	81
1048 1032 1059 1092 2796 1044 3017 1031 1043 1101 3052 1083 	81
2792 2602 1892 599 726 537 638 621 	81
2699 1996 82 2612 2115 2147 3094 	81
2499 308 309 783 809 2484 977 1280 907 	81
2786 514 492 520 637 596 665 716 2794 676 1892 728 501 525 	81
632 519 2789 694 637 516 2790 	81
889 1958 2808 357 440 847 462 	81
3086 3059 1723 3055 3106 26 3053 5 2824 3031 	81
2095 3090 2132 2159 3096 2023 2072 	81
3101 2146 2027 2010 2759 2114 1995 2091 3098 2147 	81
491 509 656 593 722 562 710 	81
577 647 488 634 497 2525 483 	81
786 432 399 374 266 990 356 249 1015 	81
2026 2645 2646 2948 2886 2649 2029 2073 2096 2950 2157 	81
2962 2685 2508 2835 2952 2825 2960 2018 1132 2831 	81
3137 2960 2835 1676 2846 3152 2827 2509 3149 2831 	81
2885 3112 2840 2900 3108 1736 2828 2878 2839 37 2872 2875 	81
2918 264 2810 452 2562 401 2816 1622 3122 326 3120 	81
270 220 273 930 2812 2811 3119 962 956 1608 1957 417 1634 372 	81
