29
165
169
190
522
570
686
986
1104
1448
1457
1485
1488
1697
1730
1764
1902
1964
2195
2243
2323
2513
2515
2582
2612
2660
2697
2770
2799
2912
2967
3065
3226
3244
3399
3482
3628
3712
3769
3819
3901
3910
3960
4045
4072
4166
4301
4331
4556
4573
4628
4661
4670
4890
5026
5128
5206
5233
5238
5249
5306
5366
125
204
281
369
383
815
1022
1206
1266
1290
1300
1383
1630
1669
1700
1887
1979
2037
2066
2077
2194
2597
2698
2911
2973
2981
2985
3061
3260
3284
3415
3501
3511
3529
3859
3886
3900
4022
4354
4417
4496
4595
4718
4785
5316
5350
5419
5444
5494
5495
5501
38
62
201
224
1046
1203
1435
1453
1534
1683
1687
1908
2190
2286
2364
2434
2461
2519
2525
2557
2796
2891
2905
3045
3160
3163
3316
3345
3414
3436
3499
3532
3622
3713
3764
4009
4122
4181
4194
4278
4339
4348
4368
4540
4695
4732
4771
4844
4972
5008
5020
5038
5117
5142
5296
5333
5417
150
594
602
640
790
1036
1070
1084
1357
1505
1602
1752
1936
1973
1984
2098
2241
2442
2647
2667
2685
2714
2757
2854
2916
2946
3134
3161
3434
3507
3703
3752
3831
3876
3894
3966
3974
3996
4137
4197
4276
4407
4423
4489
4494
4503
4509
4566
5084
5100
5105
5131
5136
5348
5379
15
91
103
142
287
583
767
981
1047
1099
1138
1217
1557
1633
1635
1864
1927
1967
2285
2408
2444
2498
2578
2798
3162
3167
3404
3443
3561
3579
3639
3668
3862
4033
4108
4196
4312
4539
4740
4755
5143
5191
5283
5408
50
231
295
584
591
649
663
716
803
836
910
1191
1408
1422
1512
1538
1539
1578
1833
1866
2139
2239
2322
2416
2426
2584
2611
2615
2801
2941
2955
3259
3285
3324
3473
3578
3728
3750
3766
3989
4378
4383
4416
4453
4620
4640
4777
4815
4841
5098
5179
5185
5322
5330
5442
74
75
126
330
350
510
514
517
523
634
735
812
880
914
1074
1249
1265
1322
1415
1593
1646
1680
1725
1862
1875
1939
2268
2373
2414
2526
2733
2784
2874
3090
3144
3195
3397
3446
3481
3497
3566
3761
3809
4000
4258
4287
4316
4325
4480
4608
4635
5079
5170
5271
5349
5358
5391
5406
96
104
174
198
261
419
512
578
630
654
718
726
783
800
861
871
1080
1081
1106
1122
1223
1238
1326
1377
1434
1607
1728
1749
1991
2082
2083
2096
2256
2451
2466
2521
2747
2769
2805
2814
2821
3009
3135
3225
3504
3627
3851
4284
4313
4528
4574
4719
4759
4971
4980
5154
5290
5307
5353
5
16
48
100
179
288
296
460
612
669
678
855
1075
1143
1650
1653
1818
1828
1872
2156
2293
2533
2844
3012
3026
3104
3156
3165
3293
3457
3534
3650
3651
3700
3758
3775
4358
4522
4559
4589
4603
4697
4746
4760
4854
5050
5173
5224
5263
5292
5368
5422
63
120
203
302
303
331
503
599
701
953
974
1077
1136
1269
1336
1521
1553
1594
1625
1671
1706
1731
1789
2107
2133
2334
2362
2435
2445
2485
2516
2713
2960
3050
3109
3127
3166
3220
3432
3462
3471
3867
3872
4143
4445
4510
4538
4881
4903
5011
5062
5457
5474
5502
44
55
88
371
585
645
991
1051
1052
1156
1183
1309
1555
1618
1682
1694
1770
1921
1970
1988
2218
2251
2340
2357
2391
2447
2472
2477
2529
2569
2635
2657
2886
2887
2934
2992
3128
3198
3229
3486
3490
3535
3677
3688
3714
3788
3903
3909
3968
4024
4042
4106
4185
4214
4264
4277
4366
4374
4428
4434
4448
4481
4694
4737
4749
4837
4910
4917
5345
84
106
167
209
357
408
497
593
633
643
693
715
763
830
903
933
955
1116
1118
1192
1335
1638
1732
1753
1757
1894
2007
2020
2090
2137
2175
2302
2342
2571
2600
2792
2841
2881
3224
3502
3653
3871
4300
4315
4338
4393
4525
4682
4763
4942
5121
5208
5342
5443
5481
171
192
199
268
304
426
494
525
537
919
1021
1078
1095
1124
1201
1409
1945
2010
2126
2490
2591
2743
2780
2926
3465
3527
3760
3821
4015
4083
4089
4206
4326
4474
4569
4667
4923
5018
5278
5361
5499
297
309
379
387
507
536
615
651
791
856
942
984
1038
1132
1213
1261
1288
1427
1442
1632
1642
1810
2203
2221
2320
2560
2659
2692
2716
2765
3017
3027
3129
3261
3340
3474
3538
3601
3636
3692
3731
4132
4274
4324
4512
4652
4821
4860
5085
5165
5309
5324
5435
64
94
490
582
753
969
1028
1135
1258
1263
1657
2223
2226
2228
2283
2284
2300
2335
2406
2467
2511
2682
2688
2691
3082
3181
3241
3295
3335
3342
3435
3441
3530
3577
3678
3803
3814
3864
3899
3999
4027
4272
4357
4365
4561
4658
4698
4715
4914
4929
5123
5155
5214
5301
5364
5418
1
234
312
468
752
758
816
881
897
1184
1349
1547
1566
1608
1658
1668
1692
1729
1750
1768
1774
1790
1848
1863
1923
1956
1976
2024
2129
2266
2318
2475
2549
3173
3215
3282
3526
3663
3818
3839
3880
3885
3962
4032
4066
4078
4090
4157
4262
4614
4675
4701
4780
4947
5035
5044
5071
5184
5250
5272
5327
5398
32
197
200
208
239
321
333
434
549
882
923
995
1064
1576
1580
1661
1716
1846
1856
1897
2248
2523
2665
2822
2831
2839
2913
3048
3075
3372
3470
3553
3811
3933
4129
4176
4484
4543
4585
4642
4738
4812
4832
4833
4928
5244
5298
5339
5343
5400
85
283
363
416
423
501
766
777
869
990
1083
1128
1316
1480
1540
1617
1649
1656
1676
1769
1947
2006
2437
2606
2684
2766
3007
3087
3103
3133
3141
3210
3389
3452
3685
3734
3834
3990
4038
4133
4150
4165
4318
4404
4421
4612
4673
4896
4946
5060
5097
5111
5135
5223
5254
5416
98
160
180
334
428
519
555
566
683
725
924
1231
1317
1525
1568
1756
1815
1826
1914
1987
2043
2047
2106
2154
2183
2459
2566
2653
2727
2735
2748
2979
2996
3155
3159
